mainfolder = bla/
Hamiltonian = 2
Potential = 1

job = eigenstates

integrator = { 
start = 0
end = 10000
dt = 0.5
iteration = 100
out = 50
} 

basis = 
{
tree = [ 
56 -2
   65 -2
      14 -2
         4 -1
            10  0   0
         8 -1
            25  0   3
      30 -2
         6 -1
            12  0   6
         20 -2
            6 -1
               12  0   7
            6 -1
               12  0   8
   60 -2
      20 -2
         5 -1
            12  0   1
         7 -1
            12  0   4
      20 -2
         5 -1
            12  0   2
         7 -1
            12  0   5
]


parameters = [
0.0098    213.62318    213.523    0.0098
574.13    0.955316664    0.95531666    574.13
323.61    0.785398    0.785398    323.61
108.42    1.821744    1.82174411032    108.42
141.12    1.0471976    1.0471976    141.12
46.892    3.14159    3.14159    46.892
0.02    97.25    97.25    0.02
250.    0.0     0.00    250.0
250.    0.0     0.00    250.0]
}