36 -2
   20 -2
      15 -2
         4 -1
            12  0   2
         5 -1
            12  0   5
      15 -2
         4 -1
            12  0   1
         5 -1
            12  0   4
   20 -2
      10 -1
         32  0   3
      4 -1
         12  0   0

0.014944    152.048124248    152.048124248    0.014944
334.5    0.955316664    0.955316664    334.5
229.5    0.785398    0.785398    229.5
152.5    1.57    1.57    152.5
86.05    1.047197616    1.047197616    86.05
28.29    3.141592633    3.141592633    28.29