140 -2
   35 -2
      13 -2
         4 -1
            10  0   0
         8 -1
            25  0   3
      21 -2
         6 -1
            12  0   6
         15 -2
            6 -1
               12  0   7
            6 -1
               12  0   8
   35 -2
      13 -2
         4 -1
            12  0   1
         7 -1
            12  0   4
      13 -2
         4 -1
            12  0   2
         7 -1
            12  0   5

1  2  3  4
5  6  7  8
9  10  11  12
13  14  15  16
17  18  19  20
21  22  23  24
