mainfolder = ch3.5/
Hamiltonian = 1
Potential = 1

job = eigenstates

integrator = { 
start = 0
end = 10000
dt = 0.5
iteration = 100
out = 50
} 

basis = 
{
tree = [ 
18 -3
   1 -4
      1 -1
         8  0   2
      1 -1
         8  0   5
      1 -1
         8  0   1
      1 -1
         8  0   4
   40 -2
      15 -2
         7 -1
            64  0   8
         7 -1
            64  0   7
      20 -2
         9 -1
            64  0   10
         9 -1
            64  0   11
   50 -2
      20 -2
         6 -1
            64  0   6
         6 -1
            96  0   9
      12 -2
         2 -1
            10  0   0
         8 -1
            25  0   3
]


parameters = [
0.0098    213.62318    213.523    0.0098
574.13    0.955316664    0.95531666    574.13
323.61    0.785398    0.785398    323.61
108.42    1.821744    1.82174411032    108.42
141.12    1.0471976    1.0471976    141.12
46.892    3.14159    3.14159    46.892
70.0    175.0    124.091    0.02
-0.66    0.66    0.00    100.0
-0.66    0.66    0.00    100.0
100.    300.0    179.8334    0.006]
}