8	-2
	12	-2
		10	-2
			5	-1
				12	0	0
			5	-1
				12	0	1
		12	-2
			10	-2
				5	-1
					12	0	3
				5	-1
					12	0	6
			5	-1
				12	0	9
	45	-2
		60	-2
			11	-1
				30	2	2
			35	-2
				11	-1
					32	1	4
				11	-1
					32	1	5
		60	-2
			35	-2
				11	-1
					32	1	7
				11	-1
					32	1	8
			35	-2
				11	-1
					32	1	10
				11	-1
					32	1	11
0.013		92.00		92.00		0.013
0.011		94.28		94.28		0.011
20.0		0.		1.32		20.0
0.014		91.33		91.33		0.014
-1.5		0.9		-0.35		50.0
-0.6		1.8		0.66		50.0
0.014		91.33		91.33		0.014
-1.5		0.9		-0.35		50.0
-1.8		0.6		-0.66		50.0
0.011		94.29		94.29		0.011
-0.9		1.5		0.46		90.0
-1.1		1.1		0.1		50.0
