mainfolder = ch3.5/
Hamiltonian = 196
Potential = 1

job = eigenstates

integrator = { 
start = 0
end = 10000
dt = 0.5
iteration = 100
out = 50
} 

basis = 
{
tree = [ 
30 -2
   12 -2
      7 -2
         5 -1
            12  0   0
         5 -1
            12  0   1
      12 -2
         10 -2
            5 -1
               12  0   3
            5 -1
               12  0   6
         5 -1
            12  0   9
   70 -2
      45 -2
         30 -2
            9 -1
               32  0   7
            9 -1
               32  0   8
         30 -2
            9 -1
               32  0   10
            9 -1
               32  0   11
      35 -2
         9 -1
            30  0   2
         30 -2
            9 -1
               32  0   4
            9 -1
               32  0   5
]


parameters = [
0.013    92.00    92.00    0.013
0.011    94.28    94.28    0.011
20.0    0.      1.32    20.0
0.014    91.33    91.33    0.014
-1.5    0.9     -0.35    50.0
-0.6    1.8     0.66    50.0
0.014    91.33    91.33    0.014
-1.5    0.9     -0.35    50.0
-1.8    0.6     -0.66    50.0
0.011    94.29    94.29    0.011
-0.9    1.5     0.46    90.0
-1.1    1.1     0.1     50.0]
}