40 -2
   20 -2
      15 -2
         5 -1
            12  0   0
         5 -1
            12  0   6
      15 -2
         5 -1
            12  0   1
         5 -1
            12  0   2
   50 -2
      40 -2
         25 -2
            6 -1
               24  0   7
            6 -1
               24  0   8
         8 -1
            35  0   3
      25 -2
         7 -1
            24  0   4
         7 -1
            24  0   5

1  2  3  4
5  6  7  8
9  10  11  12
13  14  15  16
17  18  19  20
21  22  23  24
