40	-2
	25	-2
		10	-2
			5	-1
				10	0	0
			8	-1
				25	0	3
		15	-2
			6	-1
				12	0	6
			15	-2
				6	-1
					12	0	7
				6	-1
					12	0	8
	23	-2
		10	-2
			5	-1
				12	0	1
			7	-1
				12	0	4
		10	-2
			5	-1
				12	0	2
			7	-1
				12	0	5
  0.014944      152.048124248    152.048124248    0.014944 
334.5             0.955316664      0.955316664  334.5    
229.5             0.785398163      0.785398163  229.5    
152.5             1.844664952      1.844664952  152.5    
 86.05            1.047197616      1.047197616   86.05    
 28.29            3.141592633      3.141592633   28.29    
  0.02           91.488           91.488791       0.02     
100.              0.0              0.0          100.0    
100.              0.0              0.0          100.0    
