[36, 2, 0]
[22, 2, 0]
[9, 1, 0]
[24, 0, 3]
[4, 1, 0]
[12, 0, 0]
[30, 2, 0]
[12, 2, 0]
[5, 1, 0]
[12, 0, 1]
[7, 1, 0]
[12, 0, 4]
[12, 2, 0]
[5, 1, 0]
[12, 0, 2]
[7, 1, 0]
[12, 0, 5]
bla
[36, 2, 0]0
-[22, 2, 0]1
--[9, 1, 0]2
---[24, 0, 3]3
(2, 1, 2)
(2, 1, 1)
--[4, 1, 0]4
---[12, 0, 0]5
(4, 1, 2)
(3, 0, 1)
(2, 1, 0)
-[4, 1, 0]4
--[12, 0, 0]5
(4, 1, 1)
(3, 0, 0)
[36  2  0]0
-[22  2  0]1
--[9 1 0]2
---[24  0  3]3
(2, 1, 2)
(2, 1, 1)
--[4 1 0]4
---[12  0  0]5
(4, 1, 2)
(3, 0, 1)
(2, 1, 0)
-[4 1 0]4
--[12  0  0]5
(4, 1, 1)
(3, 0, 0)
