90	-2
	45	-2
		14	-2
			4	-1
				10	0	0
			8	-1
				25	0	3
		25	-2
			6	-1
				12	0	6
			20	-2
				6	-1
					12	0	7
				6	-1
					12	0	8
	35	-2
		20	-2
			5	-1
				12	0	1
			7	-1
				12	0	4
		20	-2
			5	-1
				12	0	2
			7	-1
				12	0	5
0.013		92.00		92.00		0.013
0.011		94.28		94.28		0.011
109.5		0.		1.32		20.0
0.014		91.33		91.33		0.014
-1.5		0.9		-0.35		50.0
-0.6		1.8		0.66		50.0
0.014		91.33		91.33		0.014
-1.5		0.9		-0.35		50.0
-1.8		0.6		-0.66		50.0
0.011		94.29		94.29		0.011
-0.9		1.5		0.46		90.0
-1.1		1.1		0.1		50.0
