140	-2
	60	-2
		15	-2
			5	-1
				10	0	0
			9	-1
				25	0	3
		30	-2
			6	-1
				12	0	6
			15	-2
				6	-1
					12	0	7
				6	-1
					12	0	8
	60	-2
		19	-2
			6	-1
				12	0	1
			9	-1
				12	0	4
		19	-2
			6	-1
				12	0	2
			9	-1
				12	0	5
0.0098	213.62318	213.523		0.0098
574.13	0.955316664	0.95531666	574.13
323.61	0.785398	0.785398	323.61
108.42	1.821744	1.82174411032	108.42
141.12	1.0471976	1.0471976	141.12
46.892	3.14159		3.14159		46.892
0.02	97.25		97.25		0.02
250.	0.0		0.00		250.0
250.	0.0		0.00		250.0
