  -2.5385209673756026e-01  -2.0385171777264499e-01  -3.3197249533603201e-01  -2.2095344098683969e-01  -1.8103515294776294e-02   2.5434429483139248e-01   6.5545165965083668e-02   1.1700571090692061e-01   1.0436139513916058e-02   4.2680508215027502e-01   6.1831836464900085e-02   1.5218274869527549e-02   3.3599703849651663e-01   5.0701108496879700e-04   4.2050867437802017e-03
   1.0879594426320527e-01   5.9545272281785543e-02   1.9579711133809041e-01   5.5131429242378287e-02   3.9365249933763652e-01  -2.9834677898289298e-02  -1.6711695565710133e-01  -1.1822072040707506e-01   2.8141874196717942e-01  -8.2412540672713780e-02  -5.2238780934292468e-02  -1.7776256466707184e-02   1.8403678100016384e-02  -3.3815909066442135e-01  -1.8504300107402116e-01
  -2.4293022502409312e-01  -1.8986467354589021e-01   4.6881450864641711e-01   5.6534179726564915e-01   3.2343161647718582e-03   1.8685018882962012e-01   2.4640305961612932e-01   5.0879158141882730e-01   3.1657514784384764e-03   3.6260441928114018e-01   4.2763967134822739e-01   2.8507159944922032e-03  -1.6364798074274478e+00  -3.4582285274484875e-03  -9.1440223224002939e-03
  -1.0360043766327552e-01  -1.3053513681753113e-02  -1.0707046986740949e-01  -5.9423246615289103e-02  -6.2614203267909185e-01   2.6128229740808762e-03   2.7050537429858624e-02   9.0625848885276250e-02  -6.7293011391714985e-01   9.1590884768904049e-02  -1.0447977359168915e-01  -9.8414283608618258e-02  -9.7868606002186279e-03   5.9257587374414988e-01   4.5805088163964308e-01
   1.8094353244114483e-01  -5.3563677860856444e-03   2.3498045549126537e-01   3.5387440651238894e-01  -2.2569635059252677e-02   3.8098539681546090e-01  -5.4513805249845515e-01  -2.7671186105495205e-01   2.7347016963395372e-03   1.6305810238749099e-01  -1.1926948235694115e-01   3.6958195408574087e-03  -4.8112495396208760e-01   7.0769499255684768e-03   1.7289635148505643e-02
   5.5899309585380294e-02   6.9803669708482410e-02  -2.5049642279950459e-02   1.1135665633455426e-01   2.4726647539335231e+00  -3.1895743528079345e-03   2.4476334620554058e-02  -1.3939707758247931e-02   1.9795466934924519e+00   2.8425568355633393e-02  -4.0545966119181397e-02  -9.5874075747392498e-02   5.6763148224659998e-02  -1.8656307236520006e-01  -2.1266359807926677e-01
   7.2613418787988299e-02  -3.6339151393128225e-02   1.8907270939340479e-03   1.2754471812473068e-02   7.0966063809422486e-01   2.4721513574089780e-02   1.0968973856583689e-01  -2.5175112175091954e-02   8.7276033594115776e-01  -6.9948164112234007e-02   2.2372881782462448e-01   1.7204586547148645e-01   2.0200530069223351e-02  -6.8635594850442794e-01  -6.0926133338493782e-01
   4.6426150523173955e-02  -2.0919615513722239e-01  -2.9791092075231795e-01   2.9571931948258533e-02   1.0971556525406021e-03  -4.7999963785651401e-01  -3.9624891973946269e-01   6.4489896566160632e-01  -2.4084940307381067e-03   1.0232029118593884e+00  -5.3817529523746244e-01  -3.2485168704257721e-04  -5.5906631864964185e-01   9.6791327072523134e-04   5.9518946413676371e-03
  -1.6472952229581425e-01   2.8414375585705121e-01  -4.7667550198309255e-01   5.1123062294317423e-01   3.3361800048920691e-02  -1.1670769328028130e-01   5.2796481395651285e-01  -1.8755928963408555e-01  -3.0168778107137483e-02  -7.9924790426438255e-02  -3.7681905268899080e-01  -8.7432589416358234e-03  -2.3648857395968367e-01  -5.2305381051004976e-03  -3.8457607676920355e-03
   3.1994450706420691e-01   2.8749723267951749e-01   2.7634735801349175e-01   1.8270689534006009e-02   3.3225230055097851e-02  -4.6237436504383694e-02  -2.7286044481292935e-02  -3.4370382323734916e-01  -3.6272872508627242e-02  -2.1442847933334669e-01  -3.2080669643016668e-01   7.7001089487974198e-03  -4.4980877115294560e-01   1.1209652606707320e-02  -2.6133435780177208e-02
  -3.1450178623846531e-01  -9.5859959857457863e-02  -5.0485568792192848e-01   3.8612526192661778e-01  -2.2518807817125488e-03   9.8400056943006367e-02   1.8378708687072093e-01  -9.7339282574271282e-02  -4.1189124648013400e-04   8.9780896001459998e-01  -2.6033138321612959e-01  -3.3471909864715254e-03  -1.0840945001596872e-01  -1.1898876326562821e-02   2.5884949810155621e-02
   9.3515351745178249e-03  -2.1213180160547965e-02  -5.0454216277850694e-01  -3.5742285903784435e-02   2.0035010399614523e+00   1.4666352076065928e-01   1.8008776081384342e-01  -4.4057862106668649e-02  -7.4741744934734877e-01   1.5381634617761381e-01   3.2719156444800918e-02  -7.7679374602330009e-01   2.5486716942008442e-01   3.4977839234519497e+00  -3.0009086660926326e-01
   1.3826838473888514e-01  -4.4581569324952663e-01   1.2732371119993544e-01  -4.4929061805628306e-01  -3.5916656635080722e-02  -2.5038596345449959e-01   3.5480169310193960e-01  -5.2387650067411862e-02   1.4860936097669324e-02  -8.2087631311110520e-01   1.1092398229574387e+00   2.1104340620399273e-02  -3.7100744572891670e-01   1.4469967533670016e-02   6.5407263030090781e-03
  -8.3371237788633645e-02  -5.8919658823196490e-02  -1.0811089093600607e-01  -1.5525101337443750e-01  -2.2265951539618336e+00   2.8560707116434530e-03   3.3564369318362618e-02   1.1455438175570982e-01   5.2579433095895245e-01   2.2934713478347055e-02   3.5518027952216882e-02  -1.9964844442032541e+00   5.7642053815120955e-02   3.6697975976899905e-01   4.0322786828953855e-01
  -3.4002397046685312e-02  -5.3279115038307380e-02  -1.1084756866194168e-01  -1.7565513161539564e-02  -2.5914696623264555e+00   1.9094666816875584e-02  -5.5517756681024558e-02  -2.8448449677631219e-02  -1.5462710446479715e+00  -1.0360048323327276e-03   3.7206964570706165e-02  -2.0391020631307294e-01   3.6404666811813677e-05   1.5114446541230360e+00  -9.3814707635925387e-01
  -1.1224049053061377e-01  -2.7174189850028463e-01   2.5185498518047955e-01   2.8648309803401117e-01   1.2830001867753450e-02   7.4658958563217459e-01  -1.7810482511931847e-01  -5.6822260009379100e-01  -5.6426902973154914e-03  -3.7481817869621509e-01  -5.6559180246971474e-01   2.7360156547916923e-03   3.7621969100532016e-01  -5.7104867789162734e-03  -1.8418893995426069e-03
  -1.8082858323051959e-01   5.4505092166994028e-02   3.6560463513533320e-01  -4.3429336622115622e-01   3.3343358677671048e-02   1.9704100886035419e-01   1.6424945583499445e-01   3.6834984653184394e-01  -3.0829625787176791e-03  -5.3436217650263473e-01   1.3816472758612849e-01   9.5098960842466738e-04   3.6048850691754736e-01  -8.1145268936212867e-03  -3.5277555824276531e-02
  -1.7115469872407962e-01   4.6293049133869987e-02  -1.8802566190133846e-01  -6.8061128325426301e-01   3.7088862514164616e-03   4.0516572381088223e-01   2.0894312942671445e-01   5.5916498435132445e-01  -7.5017863635206336e-03  -6.6891981247086313e-02   1.2152591311881832e-01  -2.2831125330863957e-03  -8.6193447022252997e-02  -2.7889049185013137e-03   9.9566651298944632e-03
  -9.7299709941034110e-02  -1.8322308832449185e-02  -2.2438447483585669e-01   6.7288770481068808e-03  -4.8365185598105959e-02  -1.6120715192985846e-01   4.1596944145781117e-01  -2.0673215426526276e-01   2.0344532430745740e-02   6.4722207250969421e-01  -1.8463478731258259e-01   2.8172546014326113e-02   8.3875657123759362e-01   1.4713889836518860e-02   5.1254407266558026e-03
  -1.8852934113140227e-01   1.1475393199157751e-02  -9.3084329085535170e-02  -2.6283114447232703e-01  -1.0823254402886532e-02   1.7215228670300584e+00  -1.2174636318714696e+00  -1.4483590218579396e+00  -2.6418322479684765e-02  -1.1156515634734101e+00  -1.3805863691866298e+00  -2.6240648225035704e-02   2.7152541931848972e+00   2.0783735149773861e-02   4.1732737877762986e-02
   2.2948911026137921e-02  -7.1883163604642045e-02   7.3735991956688382e-02  -1.5632167016999066e-01  -4.2238449838440453e-02   8.9291120782099553e-02  -4.0376401621493863e-01   8.8228609262611737e-02   1.8601993287172294e-02   1.0472725631285591e-01  -2.1402551569207048e-01   1.2037030102865416e-02   4.2802183616612824e-02   1.3405896584097037e-02   1.6979463856413773e-02
   9.0242561627188383e-02   7.0362412705638505e-02   1.1462579635379894e-01   1.5801094105540919e-01   2.1962171221052236e+00   1.2396971398432671e-03  -4.1705692020020640e-02  -1.4593997295941810e-01  -6.2383658617255444e-01  -2.6141998297475915e-02  -3.8937923342311852e-02   2.1048116746653900e+00  -5.3505262304432699e-02  -3.6811357546095808e-01  -4.1204697317983241e-01
   1.1085214284340562e-01  -1.3210294580188434e-01   3.6267586564846171e-01  -2.3623588007180338e-01  -9.8973370049487870e-03   4.1523554589346263e-02  -4.6521480948639604e-01   9.4767796072759078e-02   1.6750807346341812e-02   3.3386271971344986e-02   1.2338271525237969e-01   2.1288776715660557e-03   1.0819861202206893e-01   3.9703006165393785e-04  -4.3124268565823843e-03
  -1.6018268880117881e-01  -8.6420524717325101e-02  -4.6496752987823536e-01  -2.0834735441259036e-01   6.4208150698800001e-03  -6.1276261731529537e-02   1.6482107230131615e-01   1.4605741914400023e-02  -1.3479168142186786e-02   1.4196983385355300e-01   3.9773639972123645e-02   2.1406302924598147e-02   1.0340636781462305e+00  -5.8288496824616520e-03  -1.3569650541719019e-02
   5.4626866383267712e-02  -7.1226111006786339e-03   5.8989326289194774e-02  -4.0967974792784678e-01   3.0825024467020921e-02  -1.4359127097486923e-01  -2.5011704930091216e-01   8.1503454594402014e-01  -1.2121640790963803e-02   2.5641796653557369e-01  -9.4402600898238584e-02  -3.8669137039165848e-03  -3.3683256357181901e-01  -1.8204687065295690e-02   8.5116200584430188e-03
   1.3152518856601664e-01   3.0996098590458215e-01  -2.7428094237955003e-01  -1.8631390158346076e-01   4.5234862987077386e-02  -1.9808499947940911e-01  -1.7183102582494081e-01  -3.4879962662770114e-03  -1.9861078181967969e-02   2.8341612276275607e-01  -6.5951883285725665e-01  -1.6877519925757097e-02  -5.8588750493187625e-01  -9.5021057969595420e-03  -1.7410710794010898e-02
  -1.2467848789961115e-01   3.0601671453630769e-02   8.0497071511649226e-02  -2.5085262957755705e-01  -4.0106356806270969e-02  -3.7314645457293932e-01  -4.7542885440166860e-01   1.0498928152020690e+00   1.1037818708491022e-02   5.1077571286249268e-01  -4.5475996797769458e-01   9.0899046178989154e-03  -8.1473321174180913e-01   1.5345980011647083e-02   2.6333525158241756e-02
   2.4857076129824415e-01   1.6591617093746475e-01  -2.9617804978683443e-01  -3.2885129432050869e-01  -3.1987427173078398e-01   3.0570396351252704e-01  -6.0608052063925821e-01   1.0145366609960025e+00   3.9823586875716427e-01   1.3003413494020066e+00  -8.0492900609026308e-01  -2.7923333349904933e-01   7.4263925145347054e-01   8.7760141324989460e-01   4.8220369565770249e-01
   7.3011013926201906e-03   2.1614531888323615e-02   3.1522618067171285e-02  -3.0160029612595798e-02  -1.0871573913835045e-02  -2.8921026615230933e-01   8.0598699747791283e-02   2.0420208012922113e-02  -4.6462377246225574e-03   1.3207611927692722e-01   8.3980180561800885e-02   5.6856021826809109e-03  -5.9525425982410662e-01   7.6671156648883037e-03   7.5608862327994708e-03
  -2.9367700443833761e-01  -1.9773329613517743e-03  -1.3001997712168181e-01  -3.0839482486655723e-01   3.6264515509785167e-01   1.0773213447378763e-01   1.3027993241773206e-01   2.2495174233958151e-01   9.7715026783353764e-01   5.2908178140607019e-02  -3.8733491166516304e-01   5.1623567672536541e-01  -3.6260398834128194e-01   2.0128285443181712e-01   1.4008383474470869e+00
  -5.6162998505088671e-02  -5.8716076719030681e-02   7.7022556058630204e-02  -1.1630964101071864e-01  -2.3373732991040734e+00  -1.4043067303087797e-02  -4.4278371644006921e-02   8.4700740729682159e-03  -1.7756117696665297e+00  -4.5473014634297315e-02   2.7337594043489063e-02  -5.8457397727592134e-02  -7.6461551904916214e-02  -3.6948698528286453e-03   3.7831304617579503e-01
  -1.6810134589857788e-02  -2.2459814221110633e-03   1.1195389784237995e-01  -1.2977727993909893e+00  -9.0661684411346890e-03   5.1576382759075529e-02   2.5941841697734506e-02   2.7264727844991985e-02   7.8455133989408371e-03  -1.0663087483407152e-01   1.3834666386122066e-01   7.5244960908758185e-03   2.0661766033955584e-01   4.4512386339396488e-03  -7.4685047233558049e-03
   3.4957767434606810e-02   4.3794024724347472e-02  -1.3536108241792899e-01   1.6557940340771332e-01   1.5097915772279649e+00   8.7506326321950642e-02   6.0335423857993405e-02  -1.7497085247292826e-01  -6.4073719785277886e-02   1.6931336377212260e-02  -6.7405023737447750e-02  -6.3699482706364710e-03   7.6368953267652251e-02   4.1155960106194578e-01   1.4850935367399933e+00
   9.8942696818556802e-02  -1.7656175723703804e-01   2.9028321818263494e-02   4.4548140480690840e-01  -2.9564847205537516e-02  -7.0445768339295030e-03  -5.0324318461874150e-02   4.3661962374917357e-01  -2.2050385656805227e-02   5.4896974770994034e-01  -3.9283626781314618e-01   2.8167039613809109e-02   6.2930979976020585e-01  -4.6845539710191645e-03   1.8007362546220523e-02
  -1.8369627161379420e-02   2.2512864724432615e-02  -5.1000800505426394e-02  -1.4344274476516172e-01  -2.4096900556342515e-02  -6.0149974342580181e-02  -1.9781359791348771e-01   5.8857869320801848e-01   8.7194830939514873e-03   3.0094804341687964e-01  -2.0342576948448607e-01   5.0528325308892147e-03  -5.7452559370087908e-01   8.9019954295635560e-03   1.3967831734594394e-02
   7.6923765765387375e-01   3.6862852427651513e-02  -4.8464978172940383e-02   2.1006782869781214e-02   6.1167043945460658e-02  -7.1700329195018259e-02  -1.2097876786527456e-01  -2.1353635745580393e-01  -1.7582628755501015e-02  -4.3162783815808403e-02  -3.5077011693481541e-02  -1.8143425122709816e-02  -3.9866351566955234e-03  -1.3398707112091053e-02  -4.2847397092907871e-02
  -8.4549500237888431e-02   2.6749134536048741e-02  -1.8583276445446020e-01   8.9800260290811909e-03  -8.8338963323129766e-02   4.2647316509979494e-01  -3.7858623408552972e-01   5.0975868631372434e-01   5.1774426159559218e-02   4.8826093771325824e-01  -8.7591382284680419e-01   2.5868110887927127e-02   7.9749499910342847e-01   3.0144793411080579e-02   1.0612282239430145e-02
   3.2894198903673226e-02  -1.2390280879689634e-01  -1.7873053463007946e-01   8.9680459953134908e-02  -1.8373139259437832e-02  -2.4509180583153062e-01  -4.9778600103150154e-02  -2.5635090744694428e-01   1.3594905889817314e-02   3.0031849219354328e-01   1.4275698459648214e-01   9.5417237519481255e-03   2.5395368520587497e-01   3.6028147068548626e-03  -2.2583062511281424e-04
   7.8445513914159534e-02  -2.9845989613452889e-01   4.7710557394483188e-01  -3.3897917204717409e-01  -9.3002417062052284e-02  -5.3238884318938784e-01   6.9743374706443295e-01   8.8466361563172086e-02   6.2994906947988108e-02  -5.5575709376545712e-01  -2.9246263795783967e-01  -4.3264151933654375e-03   5.1940439684146011e-01   3.9627015192454020e-02   2.3174625595733779e-02
   3.0424082958383520e-02   4.6770060955296087e-02  -1.2103255618528080e-01   1.3677869028211934e-01   1.5066994360457746e+00   7.4007777654698501e-02   5.2403830943172865e-02  -1.3911094297221457e-01  -4.4414949311843387e-02   1.3570105025857544e-02  -6.3713009263871856e-02  -7.9057454457373208e-02   6.8540768687797016e-02   2.9879969353516439e-01   1.6253424040547875e+00
   1.6957356228009653e-02  -3.9054865612387052e-01  -6.9221535971086467e-01  -9.1548150235248593e-01  -3.4687808955290994e-01  -1.0345221640768940e+00   5.4701015872913587e-02  -2.3398222891994008e-01   7.7902567017307661e-02  -2.8241459088022713e-01  -5.7419848053096145e-01  -1.4185824692732461e-02   1.8226693027792476e-01   1.5106003527248218e-01   1.3336866029933672e-01
  -8.7739403360002320e-03  -2.0920580729465166e-02   1.0522658405571285e-01  -7.7623872309460190e-02   2.9221667448863960e-02   1.6527169807600335e-02   8.5845328782600608e-02  -5.0659657167043426e-01  -6.7617687750720704e-03  -3.8084869124130755e-01   1.7995189794102884e-01  -1.2631059906079666e-02   3.8486666302379774e-01  -1.3487234382287053e-02  -9.7363030213297244e-03
   1.8889260813020725e-02  -4.6569206600431991e-02  -2.4555462604532063e-02  -2.8760031979254552e-01   2.9841455779391998e-02  -3.0513782016349210e-02   2.0707338747466697e-01  -1.9156695053164785e-01  -1.8400932947083032e-02  -1.1103646610977427e-01   5.3351007746310641e-01  -6.9840986166943616e-03  -5.6404227995283751e-01  -6.6274364652577781e-03  -2.9430820838624154e-03
  -1.0320472376194935e-01  -2.5953955586812361e-01  -3.2731883810998469e-01  -2.3164371131375130e-01  -4.9326187093752770e-03   4.4090055405265532e-01   1.0987089480700038e-01   1.6301964936890748e-01  -5.3935924673123910e-03   3.3105687919129151e-01   2.9867650545729962e-01   5.0235339640413270e-03   2.3161668443539101e-02  -1.9814167258261940e-03   1.1474235593977214e-02
   3.3902326363670502e-03   6.5613109978724235e-03   6.2372348641126348e-02  -1.6914334248882090e+00  -5.8862254291002425e-03   1.0174684334444978e-02  -8.5719310438712101e-03   2.0430324565325373e-02   3.9512258231616431e-03  -6.9267555790666832e-02   8.8588891028069064e-02   1.6904840249861970e-03   1.1992358299956891e-01   3.8898600805167311e-03   9.5357427402255118e-04
   5.1751924352848602e-02  -5.1921269453983079e-02  -4.2162963054830339e-02   1.7619414025328867e-02   6.4605320750579598e-01   1.7231181777289117e-02   1.5544325087359984e-01  -5.4436634864679367e-03   8.2362655567153298e-01  -5.7033841395308371e-02   2.4055054110130011e-01   1.6917984664387023e-01   4.0843852167662441e-03  -6.2551511029373752e-01  -5.7907738770151951e-01
   8.6709628522491866e-02  -1.5260919693375774e-01   1.5351572530700142e-01   9.1639815753490383e-01   6.0911515471364912e-02   3.7148290793719402e-01  -4.6056964227167062e-02  -4.7030632215747264e-01  -3.7113437900343556e-02   7.3658080738852674e-02  -5.8443464539234713e-01   3.2818392746089123e-02  -1.2624192397083334e-01  -6.8834582566014843e-03  -7.4386244543926824e-02
   5.5818369331339579e-03  -3.1664768935740724e-02  -4.6601290534422010e-02  -3.6317745570442336e-03  -5.4952413781982077e-03   2.3185548450046176e-01  -1.6291930788963035e-01   3.8318644579043567e-03   4.2523222307331568e-03  -2.9930026444811719e-01  -1.0534843267524954e-01   9.1988541255193441e-04   4.2340731309158514e-01   3.1989151709672752e-03  -3.6261588538713013e-03
  -4.7403232020698724e-02   4.3084281178009012e-02  -8.9213960273749693e-01  -6.0282709177773941e-01   2.9857073427280542e-02   1.0438009992381822e-01   3.0543779031974760e-01   3.8201462900399907e-01  -2.4790311560577160e-02   4.2034838530671903e-01   3.5197468952363936e-01   7.1796895765964073e-03   4.1806630431047542e-01  -1.5464235564555491e-02  -7.1439142413963963e-03
   6.0260740822588331e-02   4.8943797454525602e-02  -1.0557108511670484e-01   8.7272331525682575e-02   2.2905041177499390e+00   3.2213795025114428e-02   6.3589084699596635e-02  -8.3111134067777787e-02  -7.3164568520124573e-01   3.7947887569499274e-02  -5.7350137599807144e-02  -3.2983480426890444e-01   6.8577778061165745e-02   2.3832846547779081e+00   8.4143930075757847e-03
   2.0282349851661169e-01   5.8867491250885196e-03  -7.6110985769820602e-02  -1.7889997761973023e-01   5.9883544699860774e-03  -6.3389797267651371e-02   4.5487923901495093e-02  -3.7583981108610565e-01  -1.3490221076806598e-02   3.9449576158031012e-02   1.9119877585334241e-01   1.0450231071047482e-03  -1.5372193618900501e-01   3.7812527632312032e-03   6.1068608804255645e-03
   1.2884830000828070e-02   3.0158164419374071e-02   4.1502702420749257e-02   2.9392749251280142e-01  -1.0682618129987807e-02  -2.1273715151480153e-02  -1.8221164532966455e-01  -1.0442602495316121e-01   6.3940203724412292e-03  -4.6637528853163093e-02  -5.8627863163022909e-01  -3.7927363380963817e-03   4.6129574812285579e-01   9.9079285419482240e-03   1.4184313073089050e-03
  -6.1076001036835706e-02  -3.6879925113421141e-02  -1.3217822358072628e-01   2.0884281056895316e-02  -1.8005324863118741e-03   2.4206188104656670e-01  -1.0713199699320348e-01  -5.5896902554836182e-02   3.1256540919802856e-03   1.4705492697464304e-01  -6.0689291130817968e-01  -4.6554416808137575e-03   6.6930733693506028e-01   9.8936424118856604e-03  -6.1783979499156136e-03
   6.3518398966970466e-02   1.9310212626945392e-01   3.1717800215948799e-01   3.4295349925430468e-01   5.8622684990217739e-03   6.0411159674327829e-02  -9.4606142156209494e-02  -1.0468755602054418e-01  -1.1166196671821681e-02  -6.6570711401225835e-01  -1.1938339142128426e-01  -5.1596930665726568e-04  -1.0806061061770732e-01   7.9292306926876197e-03  -1.1775466989665608e-02
   4.0812957102732728e-01   2.6790400461885044e-01   6.5091593689284621e-01   3.5801627869889840e-01   1.0160782873188515e-01  -1.6629696802240190e-01   2.9973251206712414e-02  -1.0007035377021481e-01  -6.2747222022812382e-02  -4.2076751323936873e-01  -9.2190957302454946e-01  -3.9374921139770119e-02  -2.1092681784332021e-01  -2.1197139662124016e-02  -1.6477385146874229e-02
  -2.4893737112818415e-01   1.5056787251044154e-01  -4.1661858726513862e-01   2.0559780657982621e-01   4.0741747709925044e-02  -5.5147616375713038e-01   1.1562338049313856e+00  -6.2210481925863537e-01  -1.8031921013491582e-02  -5.1477690267050880e-01   4.4881639081947994e-01  -2.4662609171994688e-02  -7.0424119942701102e-01  -7.6664668893213026e-03  -2.4478963704419421e-03
  -9.4642625332217761e-02  -1.1130403460121337e-01  -3.4476619570578132e-01  -5.5324322369730761e-01   3.7987556841392661e-03   3.9561964667744554e-01   2.1983231058445910e-01   4.0085557233326602e-01  -4.9975699446054419e-03   2.2381027193623815e-01   3.3149223210433626e-01   1.3769084945565930e-03   1.3781903370087764e-02  -4.9443731083566225e-03   7.5086635069015195e-03
  -3.4731705878561464e-01   3.0417021915747877e-01   1.1167943736191109e-01  -7.5168990386025003e-01  -1.0997767576367480e-01   8.0961037645833164e-02   2.1113403925933400e-03   4.3845045111490455e-01   5.9637197603012809e-02  -3.6765140668561480e-01   2.5446378187029040e-01   6.8357410448123754e-03   3.2859203794070660e-02   2.5543310373230876e-02   5.6604164300571157e-02
  -2.0601840258355920e-02   6.2369178379355461e-02   8.5205320288332914e-02   1.4357133313237623e-02  -4.9464190119452034e-01  -2.3091416268961058e-02  -1.8148571434978580e-01  -3.2728887482831336e-02  -6.8120269030058800e-01   2.7312690931684931e-02  -2.3080043185684454e-01  -1.5577797710341515e-01  -9.6141716852538670e-03   4.8405274967364831e-01   4.8359030295327160e-01
  -3.6919421161093875e-02   9.4641382849194799e-01  -7.7234523650230147e-02  -4.9767899781272176e-02   6.3512960468019040e-05   4.4319808741160635e-02   1.8821100609844731e-02   2.6429393552404909e-02  -1.7069072454132090e-03  -3.8809242193881357e-03   5.8725723688113268e-02   2.2046794116453764e-03   1.4703864404661843e-02   6.6606348942678463e-04   1.9819570236069605e-04
  -5.3448130712900700e-02  -1.4732823571862852e-01   7.5824937154921213e-03  -4.7797865265667060e-02  -2.5287939232085144e+00   9.9938103510775478e-03   1.3360743095798789e-02   5.0725787873706865e-02  -9.3963401764914478e-01   1.8551021101551830e-02   1.1825874794505005e-01   1.7655310602192960e+00  -7.5920227216408925e-02  -4.2798226901124053e-01  -1.4553855438995074e+00
  -2.6577155967321683e-02  -5.3698054090659593e-02   8.9995185504878186e-02  -8.4271909692377592e-02  -1.5919957735304950e+00  -5.0898333965304556e-02  -4.0322331913821258e-02   8.8661347188821793e-02  -2.6540436885495254e-02  -7.5969968311819132e-03   6.0004562615065128e-02   2.3106667412367130e-01  -5.7474355823605244e-02  -1.5943638631818977e-01  -1.8175531396779061e+00
  -1.5257683658688392e-01  -5.8541952854905467e-02  -1.5535518537247178e-01  -2.4440764626660622e-01   2.9650171282900418e-02   2.7007246422192877e-01  -5.7846112086264212e-01  -5.6390762706892716e-01  -1.8825133469899888e-03   3.6826010093225010e-02   2.5480780798146396e-01  -8.2272781277121475e-03   8.3489631187109448e-01  -1.6648369231897123e-02  -1.3631792994780640e-02
  -1.1941490335040923e-01  -1.2203127335328448e-02   1.8563824842798254e-01  -1.2395905809082028e+00   2.0593456971414795e-02   1.6737618703229687e-01   1.8276548134663539e-01   2.0910522439955961e-02   3.7879002868797407e-03  -1.8860768716350743e-01   2.3053547976817590e-01   6.0960951901115569e-03   2.1675386899228102e-01  -6.7403214249125813e-03  -2.4006634196856419e-02
  -8.0671442015425684e-02  -6.0888892009897333e-01   3.3752104959329821e-01  -1.2087871259090173e+00  -7.0125000647870273e-01   1.0848556800680585e-02   5.3775063351370145e-01  -5.2025401155650419e-01   3.9556781991741286e-01   8.4108205908154279e-02  -2.7599511288085293e-01   2.7655264002893060e-01  -4.8520913105060198e-01   9.0673160375522033e-02   5.6676032755092531e-01
  -1.5581893782555348e-01   1.5986916399026846e-01  -3.4891164639967803e-01   3.3459022343383132e-01  -4.2599517430981927e-02   6.1959093134198029e-01  -1.0937239900338835e-01   8.4281796713839441e-01   2.3736340155245603e-02   4.1105908849625766e-01  -1.1899190234764332e+00   1.5821856684439407e-02   4.9632921212947284e-01   1.5078597204925947e-02   4.4860925474696335e-03
  -6.4488220411958364e-01  -3.5961864881395411e-01   3.1508501506392639e-01   2.6525782973015732e-01  -5.0607901099285230e-02   9.2912159861629873e-01  -3.4592869515130026e-01  -1.5173074292994068e-01   2.5395280081620918e-02  -2.0167934916009483e-01  -6.7349751310381470e-02   3.8395520601931135e-03  -2.1276671049529020e-02   1.9174388653630942e-02   2.3397790824151211e-02
   4.7070480889361652e-02   3.6496695177391458e-02  -2.1218114699614837e-01   5.6123377045952258e-02   2.3275217185315946e+00   5.7493112472264858e-02   9.2611495660054513e-02  -6.4469814081595675e-02  -7.2235683683835128e-01   6.6930189959270817e-02  -3.3453377162070821e-02  -5.1692980962033086e-01   1.1781028717021211e-01   2.7686052664511371e+00  -1.3733670239051160e-01
  -1.7513163573573018e-01  -2.1223162876177004e-01   8.6911354080263314e-01   8.8427634743193395e-01   8.0689026675216713e-02   1.1822530617385658e+00  -1.8193872848674342e-01  -5.2092582471908488e-01  -5.9716141457606835e-02  -4.0694097354465825e-01  -5.7961736751105453e-01  -4.3359194017267517e-02  -1.0932832288231575e+00  -1.1822772534585198e-02  -5.1089692588716052e-03
  -3.6592573885246060e-01   1.7183219333366173e-01  -1.1042607094107271e+00  -7.6163072969087131e-01   5.4183168944756298e-02  -2.2221095185999873e-01   1.3362829545066861e+00   2.6289258789434354e-02  -4.7904507861481635e-02   8.3038409873462338e-02   3.7195959152351654e-01  -5.3722638655689055e-02   7.8383813083809831e-02  -1.8972826325649847e-03   2.4394040386059333e-02
   1.0493529909614744e-02   1.6737884810070795e-03  -1.3769204455071633e+00   7.6483664421315628e-02   7.4629917357409460e-03  -3.0729118169978940e-02  -4.1149656835958413e-03  -2.5516361923526500e-02  -6.1479610752733695e-03  -2.8676049586762696e-02  -2.2402598346940836e-02   6.2863053605587583e-04  -3.5802470498625477e-02  -1.6240235326325540e-03  -3.4810589575559499e-03
  -5.5092133452333304e-03  -7.6783986864847062e-03  -3.8187652867352255e-02   1.1558695532945546e-02   3.7641533597463236e-02   3.7602034357688535e-01  -3.4645489618140213e-01  -2.1961540444339331e-01  -2.6179447988278870e-02   5.5224902034052825e-01   8.3343150161442214e-01   6.2638552686640069e-04  -5.6413782161338233e-01  -1.4444471435843662e-02  -9.9673775727970575e-03
  -2.0261700965495169e-01  -3.3139942967369100e-02   4.4420348322368346e-02  -2.6033560376612902e-01   1.4522790846819725e-03   3.5399492254888831e-01   6.5673122376588872e-02   4.5412597317127107e-01  -1.4182715421363684e-03   1.0820401045595952e-01   1.1284355285507104e-01  -7.1588215609999836e-03   3.9614690153473131e-02  -4.1551007084902440e-03   6.8281062568970241e-03
   1.8989051518466815e-01   4.4874081652991560e-01  -1.6893161439926080e-01   4.1460202279623271e-01   3.1054568975826263e-01  -5.5983384539003853e-02  -6.8297488475207369e-01  -3.0229118817704176e-01  -9.1688156789077546e-02  -1.0434941950000953e+00  -9.5431773673567977e-03  -1.7594466730834635e-01  -1.5468140198548850e+00  -6.4071358302411077e-02  -9.3042978051925726e-02
   1.0993878839929678e+00  -3.1765942382636476e-02   1.6098713566992738e-02  -1.0675509690918523e-02  -8.5630401810269808e-03   3.0018339761996790e-02  -3.0887528727924097e-02  -2.9022663865671112e-02   4.0943969577891797e-03  -1.1211863971861835e-02  -3.5755803675188193e-03   1.2466410102544088e-03  -1.0575460454110234e-03   1.8697829406683633e-03   3.2120091494578901e-03
   1.4335047743526447e-01   9.6448891266815023e-02   5.2206871073535402e-02   2.8661121341241619e-01   2.1480719304680224e-02   1.5652483492727082e-01   5.7690981101653294e-01  -4.4249380003257072e-01  -1.9933095618050543e-02  -3.9686705418491386e-01  -2.3826671554885159e-01  -4.4189267217451091e-03   3.1939370012189716e-01  -4.2316220552693334e-03  -1.0287497826788705e-03
   3.4973726766994490e-01   2.2734013889196832e-02   2.7349162895528849e-02   3.0365838812895118e-01   1.8250914800177497e-02  -2.5445765215461019e-01  -3.4448453224488357e-01   8.7099347043585307e-01  -9.4828752463700979e-03  -2.9024624572878188e-02  -4.1223450505880208e-02  -4.4291911118379407e-03  -2.9790989742028651e-01  -5.9878911913130066e-03  -1.4999103840461045e-03
  -2.2724560660836632e-01   1.4647177388314206e-01   2.8682975453702042e-01  -4.6953083115488575e-01  -1.8736818372559100e-02  -4.2611213557395577e-01  -3.7375816981681492e-01   1.1377456280291982e+00   3.3772442897545634e-03   1.3564366671192835e-01  -4.5927489159846396e-01   1.9470971956287320e-03  -5.2029773153222247e-01   8.9581031606003458e-03   1.2487826959861909e-02
   1.4860977904845285e-01   6.3782875509078019e-02   4.2011823168439016e-01   1.5667299136638551e+00  -1.1303306373122726e+00  -2.1155945487221686e-01  -1.8573989492260784e-01  -3.0839715522310046e-01  -5.0663563404296855e-02  -1.1176033560111479e-01  -3.3951155496373425e-01   6.8155261439574055e-01  -6.7311664179336694e-01   3.3222071153420235e-01  -8.4031124831287443e+00
   4.9282543933678501e-02   8.0759963789422268e-02  -1.2085876657233037e-01  -5.4992490052408582e-01   1.4657841027583366e-02  -7.0586701122106563e-02   2.3638571870322457e-02  -1.2381415064166137e-01  -9.2016648134748951e-03   1.9471921300754325e-01  -3.8203767626549101e-01  -5.9321570999818505e-03  -5.6233223015639988e-01  -3.7832623239197911e-03  -3.8146832315566820e-03
  -1.4774194938845608e+00
  -2.7063378217851057e-03
   2.4263684107741352e+00
   1.3745124172527112e-01
   4.8429009521876543e-01
   5.3983455337155304e+00
  -4.8615328772715410e-01
  -2.3219893774308757e+00
   2.1318771248157320e-01
  -6.9961277462448257e-01
  -1.0547370904833169e+00
   5.6899774111157582e+00
  -2.3333985674215816e+00
  -4.0992667626344934e+00
  -5.9635942445706833e+00
  -1.7621591465330377e+00
   6.3527723763324750e-01
  -1.5437828997058318e+00
   1.2182349385075208e+00
  -3.9383630805960541e+00
  -7.8595607756554364e-01
   3.7341898836626806e+00
   5.5910948634739249e-02
  -7.8458358417383833e-01
   4.9725773524915479e-01
  -4.9792178263306930e-01
  -1.5189292501627845e+00
   2.0189224545070350e-01
  -8.0062418388892742e-01
   1.2563260447453628e-01
  -5.0443879546450452e+00
  -3.5460421371168915e-01
   3.3999601737813396e+00
  -3.6642860243346130e-03
  -5.4168947205158957e-01
  -4.5865081772716970e-01
   6.0268013238113671e-01
  -1.8530639373449512e-01
   1.2112927882627631e-03
   3.6095636889136808e+00
  -1.1030553464679298e+00
  -4.9294268057426788e-01
  -1.0395252286401024e+00
  -1.0784183796659834e-01
  -1.4750403909352923e+00
   7.2629619728600381e-02
  -1.2993779707019776e-01
  -3.5794093489857515e-01
   6.4899212139661344e-01
   4.6548590264687881e+00
  -1.0245346730023683e+00
   8.2433283105494970e-02
  -2.5555549557818430e-01
   8.9698407612899589e-01
   8.6291079173150709e-01
  -3.0241099273156595e+00
  -3.3380740040275619e-01
   1.6645476758673805e-01
   1.2422932776885134e-01
   1.9422495527621488e+00
  -5.9882766448417160e+00
  -4.2901552658770870e+00
  -2.0375250263140519e+00
   7.2614686476332946e-01
   2.4853050045267087e+00
   2.4356466830753267e+00
  -2.1533106922537315e+00
   5.0096999483477376e+00
  -1.8943937814715275e+00
  -4.4024429700701164e+00
  -2.5296964786431442e+00
   1.3412542850922498e+00
   1.6828292926488617e+00
  -9.7369083477504625e-01
   2.1761967222535263e+00
   1.9668204012560386e+00
   2.1918270073407085e+00
  -1.8363000940525167e+00
  -1.0941625187955067e+01
  -2.1244062281385716e+00
  -4.3737529606907737e+00  -6.1256789238096387e-01  -1.8222744782977665e+00  -6.5381402548997014e-01   4.2575536335692649e-01  -2.3970182125182848e+00  -4.2611533285407160e-01   2.4951450350910460e+00   8.2116496803724270e-01  -4.7729357490087032e-01   5.1445185554093653e-01   2.4066766245040450e+00   4.6442280489458676e-01   5.1696204318621330e-01  -1.2575050961875565e+00   1.2127896622711387e+00   8.3666037582859187e-01   2.6551137092290560e+00  -5.5445557979959004e-01   7.7664647662116526e-01   2.6620002022571265e+00   2.3766488056980384e-01   3.1950838316481516e+00   9.5408257862596402e-01  -5.0271826058092883e-01   1.8122194839664205e-01  -1.6535855926084104e+00   1.1335390598310037e-03   3.8129683402184917e+00  -3.4176626127855437e-04  -1.5904996789365009e+00  -1.3518537079885566e+00  -9.1414724541412506e-01   9.0908820986208325e-02  -2.4534383285414578e+00   3.0193239525972076e-01  -2.9933902256026346e-01  -2.2460347769929849e+00   5.5256068931415832e-02   2.1160436516739218e+00   2.5052136997780259e-03   1.7673289651110344e+00  -2.6221420978572705e+00  -1.8810320759872454e+00  -9.0978504179263386e-01  -5.8726380526067046e-01   2.8380736268302581e-01  -3.2708553297089935e+00   1.1529888298569908e+00   1.0296808399570636e+00   2.8724867100537335e+00   2.4049891645516577e+00  -1.0173303923721124e+00  -1.4534452790708929e+00  -1.4347706108831218e-01   2.2009760176245647e+00   2.7696116929073753e+00   3.3069578805180844e-01  -8.2581679808921316e-01  -2.0239686050621497e+00  -1.8735423487685143e+00   2.7802016031975980e+00   1.0300706660683137e+00  -1.1905867022664611e+00   9.5951168992973040e-02  -1.3095733735090442e+00   1.2494984124088278e+00  -2.1298700774842927e+00   2.7996628819498881e-01  -3.8824864574246485e+00   2.7492104415895775e+00  -6.2694880476126813e-01   6.2386349199276889e+00  -3.0808609370223974e-02  -2.8292678019828195e+00  -2.0235308550809314e+00  -8.1230910093856867e-01   2.9005161278022351e+00  -7.8644481734295644e+00   2.5158854346342814e+00
   9.2793211093417902e+00
   1.4909924000000001e+00   2.5045134999999998e+00
   1.6635804999999999e+00   2.6390970999999999e+00
   1.7584139000000001e+00   3.4927217000000002e+00
   1.8359482000000000e+00   4.2488500000000000e+00
   4.5316406999999996e+00   1.5999987100000000e+01
   1.7224586000000000e+00   4.4961228999999996e+00
   1.7297880000000001e+00   4.5079104000000001e+00
   2.0249741000000001e+00   5.6001260000000004e+00
   2.6196616000000001e+00   1.8081558900000001e+01
   1.9882082999999999e+00   4.8957506999999998e+00
   1.7556023000000001e+00   5.1480227000000003e+00
   2.6297912999999999e+00   1.7971833499999999e+01
   1.8722490000000001e+00   6.4963017000000001e+00
   2.6137804000000000e+00   1.8190292299999999e+01
   2.5296039000000001e+00   1.8379916399999999e+01
  -4.0955748819999997e+01  -4.0556267769999998e+01
  15-80-1

Sep_04_f12a_15_add1, nn15_b
16835 points for H+CH4 asy, rmse= 1.9646 meV, rmse(<1.36)= 1.2314 meV
