  -4.2301808841073335e-01   1.0544330109422202e-01  -5.0262232028321452e-01   2.1108236932733510e-01   9.7367392791451068e-02   1.2605844029519536e-01   1.6216206553567700e+00  -1.9304564610700775e-01   2.0258402884042993e-02  -2.3259228423322076e-01  -3.1826825755622978e-01   1.8551391960411806e-01  -2.7060137224632097e-01   2.3274240029485552e-01  -7.7459760955922025e-02
  -8.1075763543314916e-02  -1.0990136237120504e-01   2.0857684520363637e-01   5.8785765938042647e-02  -2.9569032164481954e-02   2.7435405153826337e-01  -2.7429828252482324e-01   1.7547232647369293e-01  -2.7502848122790013e-01  -6.9936227567015036e-02  -1.5977769012065632e-01   1.4733779198276792e-01  -7.5687644395316422e-01   5.5392135940917298e-01  -1.3184548922571858e-02
   4.9879834350322966e-01   7.0509988752697283e-01  -7.1284032695374788e-01   8.3684145609965321e-01  -8.9254287064645177e-01  -2.0216188420530861e+00   1.1268892368385113e+00  -2.5940165284320238e-01   2.7880473648270004e-01   1.1464626707058119e+00  -3.0441435019966023e-01   3.4533986267820016e-01  -4.4579377889677740e-01   5.0232968472900330e-01  -1.0136411700619852e-02
  -9.0580554573229822e-03  -1.0439180705310511e-02  -7.2058981843999637e-03   1.3194913603045941e-01  -1.3427256190109363e-01   4.2381855927485268e-04   7.0173565665653968e-03  -7.3113273392607508e-02   7.0116030942249205e-02   1.4686219169353186e-02  -6.6271530694442235e-02   6.4319501310500585e-02  -3.6132216195540114e-02   3.6184968610733170e-02   4.0864893709546735e+00
   5.6596658714177794e-02   1.0166409752392787e-01  -2.6961006995306358e-01  -9.6292657596628106e-01  -1.7671017232622828e+00  -1.8218162126307610e-01   4.9965935595445779e-02  -6.5431774195761294e-02  -4.7595434793382008e-01   8.1999026914397921e-02  -4.9782224271895731e-01  -2.8262415067047730e-01   9.7934690344829434e-01   1.2289928076116059e+00   1.7388401362376946e-01
   1.4514148400242316e-01  -9.9062255361098459e-02  -1.5873605652116901e-01  -9.8491117848347021e-02   5.3072710767165104e-02   1.2420971838206665e+00  -1.1220220346964370e-01   9.4445889104460432e-02  -6.6558330453651296e-02   4.8854424395115653e-01   7.4464716795356975e-02  -7.6889757197044328e-02  -1.2863107769298912e-01   1.5429121726481856e-01   3.4515520396365719e-02
  -4.7901930266271020e-01  -7.5923465716839514e-02  -7.3165187856117597e-01  -4.3095696120579446e-01  -9.6649763461532523e-01  -2.8268427735970332e-02   1.0609042306351149e+00   8.1612300710966124e-01   4.6461290327110910e-02   2.7943845123844258e-01   4.0591201516642428e-01   1.8466003926459715e-01   1.2835231627446702e+00  -8.4969720431124840e-01   1.6663615568466875e-01
   4.0013525649372821e-02   9.9880274226378365e-02   2.0372302326440947e-01   5.1165539829947448e+00  -1.1796792251245805e+00  -2.1823568905381240e-02  -7.2151310241972896e-02  -6.3120101669528916e-01   5.8103681317810030e-01  -9.7791336458993891e-02  -9.4842267334307029e-01   4.8383401101315282e-01  -9.0204326623641973e-01   5.5311361822482552e-01  -3.7384876448121102e-01
   1.3398506649323133e-01  -1.3859155809250823e-01  -5.0649078809488914e-02   9.3700459887093002e-01   1.1832841391308810e+00  -4.7604565146260117e-03   3.1081627663976052e-01  -1.2885226553702809e+00  -5.9771723337531135e-01  -5.6586913707476847e-03   7.5914803608845305e-01   1.3877058034265708e+00   8.4630828511638612e-01   9.9496789315790457e-01  -2.7679267314736472e-01
   9.6875761975602341e-04  -5.6535030664482844e-02  -1.9732776970437144e-01  -3.6764013749255930e-01  -2.1946602337227783e-01   3.3752658939672629e-02   1.0088912102651523e-01   1.3160822585525675e-01  -7.8886338239722853e-02   2.4285654873744000e-01  -2.7893557435150726e+00   4.7228355529547184e-01   1.8329670327319236e-01  -1.4438202479645321e-01  -1.3205059161685037e-01
   2.0130966227305910e-02  -1.1102956533269375e+00   5.0120236047521746e-03  -2.5731499548027757e-02  -8.3759093096711090e-03  -7.0666265229418638e-03   1.6987372365377654e-03   1.0778952217216036e-02   5.4164431934632723e-03   5.3788733688057196e-03   3.2534200142866003e-02  -2.1722457526566433e-02  -2.0402789507663402e-02   4.2934928866850373e-02  -2.9475111718371364e-03
   1.8552728673338831e-01  -6.5237248151516702e-01  -9.5856290273219014e-01   2.5829793684827079e-01  -2.5440382820470619e-01  -4.2642862528280678e-01  -3.0813701415327460e-01  -3.7430699304413137e-03   7.1381929217763883e-04   2.0160505740166053e+00  -2.8129654254707237e-01   2.9022797092267322e-01   1.6251337076543079e-02   5.0938794926707245e-03   1.3520419614441984e-02
  -2.7725821096823844e-01  -6.0263400181583315e-01   1.0580094776692638e-01   5.6086455721966855e-01   4.6522824760560777e-01  -5.2260607120567260e-01  -2.8102420942540018e-01  -5.3751578977608705e-01   1.0252721040441456e-01  -2.9197375462215691e-01  -5.2254308954595252e-01  -7.4647907127732491e-03  -2.3575979849536779e-01  -2.3053718752476224e-01   2.4327040420272752e-01
  -7.8754768411321979e-02  -6.1889421084931187e-02   8.9181587858064015e-02  -3.9715346331230933e-01  -6.7892280149790731e-03   7.6996144860586604e-02  -1.9632559257883174e-02   2.1456375292971575e-01  -4.2090070467165220e-03   1.1904699110974630e-01   1.2242286734376727e-01  -6.6643199613980630e-02   1.6036444627014794e+00  -7.2061160721008977e-01   1.0378167715080829e-01
  -1.0671023574460045e-01   4.2693351449794754e-02  -3.3978322312053749e-02   1.2648216659519529e+00   1.2757668983196713e+00   1.1875313389809504e-01   1.8842045705878935e-01   1.1359578149743428e+00   1.9641775792804026e+00  -1.9387925487281837e-02  -5.0003209033984940e-02  -2.3414623940602251e-02  -3.9997989718561872e-01   8.2697516627361689e-02  -1.3080871243899492e-01
   1.5816957613981503e-01   1.9456618499346034e-01  -3.6172612499928264e-01  -2.3853584285697310e-01  -1.0978382664336976e-01  -5.3777574935030881e-01   5.2719667940812998e-01   2.3984390520357834e-01  -7.0349737720832889e-02  -1.1854872039232914e-01   1.2510283557669385e-01   3.3710722850649938e-02   1.9723139375987198e-01  -1.4494821832716112e-01   5.7389430893992961e-02
   1.9826952604027087e-02  -1.4226092751853586e-01  -9.2589461848076003e-03   4.6408527460061849e-01   1.1656687543761144e+00   1.1102442521701261e-01   3.0895850790978014e-03   5.5896514087784732e-02  -2.2940616721251969e-01   1.3616728830971833e-01   1.2354141829489755e+00   1.5530820038652373e+00   5.8068960796487795e-02  -6.5371123979140536e-02  -1.2337732315371119e-01
   1.4266015429132381e-01  -3.8008358959204747e-01   1.5855696636303201e-01   1.1189391835837968e-01  -4.1125484422891406e-01  -6.2372684728431727e-01   5.4421583314023421e-02   1.3545075162554851e-01   2.1850893902028012e-01   8.7306247201359943e-01  -2.8094095038050271e-01   2.5946885293288219e-01   5.6571634152391215e-01   3.5962906305968734e-01  -1.0050572484033839e-01
   4.5982917251000413e-02   4.1876719863799705e-02  -1.2554498898089204e+00   1.1798021253795142e-02  -1.9738893595169525e-02  -2.4055611697998695e-02  -8.3105691035044657e-02   1.7667649996195797e-02  -8.3597537226581409e-03  -6.7857387667600355e-02  -6.1027584072620315e-02   6.5268823061510786e-02   3.7152444298218686e-02  -2.1178254006243694e-02  -7.2968845020583394e-03
  -2.6059163392645565e-02   4.8858321026924566e-03  -1.4606038507448285e-01   1.3808940608047358e+00   6.5833291947353045e-01  -5.5068834233115697e-02   8.4069637580925019e-02  -3.1418056824160961e-02   1.3385492945785110e-01   2.0582566142813244e-01  -3.7968912583930164e-01  -2.1897586767881028e-01   7.9729010786093579e-01   1.1412832287937085e+00  -6.6614537169531765e-02
   4.7739779300553252e-02  -2.0658955666276724e-01  -1.4365708126926663e-01  -2.8466878739861656e-01   2.1529390447526318e+00   3.6493380470621256e-02  -1.9157751067146572e-01   5.6851540730069716e-03  -7.1679482413290407e-01   3.8813987514432846e-01  -9.3330474822122533e-03  -4.9730374077599665e-01  -6.2902951581364241e-01   7.9050780012994912e-02  -2.2685370899403182e-01
  -2.0033636086029116e-01  -1.9394121749024950e-02   1.5097602588316286e-01   1.4995144525494486e-01  -9.6057610779931954e-02  -2.4859257961375655e-01  -1.6817533995646869e-01  -2.7517477027625864e-01   2.4412191587699880e-01  -6.3051642737587610e-01   2.0577786480404819e-01  -2.2384507092769332e-01  -2.5899096814343266e-02   1.6402966087933336e-02  -8.5845124866847713e-02
   5.1032023161442963e-01   1.1471198000587779e-01  -4.5389653964006732e-01   1.9816878644985220e-01  -5.5190437668332570e-01  -8.2725622734385240e-01  -5.8400350138129642e-01   1.7483439856023894e-01   8.4013422276806547e-03   4.7649887626783155e-01   2.6688961948158250e-02   1.4568080237930761e-01  -5.3312677673438870e-02   1.7754957186359385e-01   1.1767405563836439e-01
   1.9030043514278391e-01  -5.9658727707958249e-02   1.1742432872802590e-01  -1.9125654550733837e-01   8.9916187692488403e-01  -1.3912359923809534e-01   1.2838429525821862e-01  -2.0768265593406943e-01  -9.9866232348402126e-02  -1.0933384187106106e-01  -2.9791546576224953e-01  -2.5349906433309150e-03   4.5780412112588925e-01  -5.7381073606676314e-01  -9.1709559206965663e-02
  -1.9483378031841306e-01  -2.3719213168413011e-01  -8.7784407062970549e-01   2.7495447510199689e-01  -3.0780345484406252e-01   1.2203789302619218e-01   9.4328753969382972e-01  -9.5916831281619014e-02   9.1269162651070559e-02   1.0789164644100284e+00  -1.0550284102816414e-01   1.3061107584915113e-01  -1.6589318977143019e-01   2.2130001725159293e-01  -8.7592140478573340e-03
   1.7063181510728495e-01  -5.9654985271808980e-01   1.4395255057301337e-01   1.0501351946338867e-01  -1.9545191157626987e-01  -4.2552527462333839e-01   1.7839931622336958e-01   3.7271554513602506e-02   3.0163593420413437e-01   1.0809432416990152e+00  -3.5748187096959877e-01   2.0493806611942170e-01   7.6577958114708433e-01   2.8172792567071253e-01  -1.4730164504862017e-01
   6.4558583767477321e-02   7.8997712774708559e-02  -1.6770778939588168e-02  -3.1227447164033822e-01   3.0762766496195287e-01   1.1767848904230334e-01   6.5353859555657021e-02   2.4415554271366188e-01  -1.9596176429262885e-01  -8.9829805663579926e-02   2.9266932226166059e-01  -2.6591245825046966e-01  -3.4530329641159659e-02   1.7537795929846174e-02   1.7682813734736949e+00
  -4.0671875091094933e-02   1.3757100817653108e-02   1.7792059328671124e-02  -6.3202857368642795e-01  -4.5901287379714101e-01   7.7835589440256842e-02  -3.6491187408459674e-01   8.9088121718127056e-01   1.6030903699524526e-01   2.9405221906427387e-01  -6.1900429447723870e-01  -1.1943058722828441e+00  -1.1734799718238271e+00  -1.5993720461917182e+00   3.3234138059075619e-01
   2.5454297669105996e-01  -7.9508667243370623e-01  -4.7962735764077370e-02   1.3925566869510192e-01   3.8547197739124361e-01   8.0135206208994961e-02   8.5504741728443454e-02   3.9396544973221848e-01   1.6356249919758920e-01   1.4866292749406855e+00  -4.5929454807070108e-01  -2.6494935705966749e-01   5.9430242071257955e-01   1.1266855583899786e+00  -2.0523291008424391e-01
  -1.2703268419182803e-01  -1.1094574235987506e-01   2.8555975434630876e-01  -4.3197021484640824e-01   2.5174148661922119e-01   6.1463034845189402e-01  -2.4080065159379666e-01   2.7331986032665034e-01  -1.2065324027672493e-01  -3.6941444266820822e-01  -1.5933082786035707e-01   2.5618239714331570e-01   1.0176695040922727e+00  -7.7291769326730120e-01  -8.4492284486836662e-03
  -1.4438434474344487e-02  -5.9120293639804283e-02  -1.1287739276556444e-01  -2.8879015162750538e-01  -1.5622636702748116e-01  -1.2914495843159365e-02   1.6643269835805766e-01   1.8898744449121676e+00  -5.3401789079686413e-01   1.5376543515974106e-01   8.6808085149313416e-02   1.7578294410535555e-01  -5.4973671787901812e-01   1.2044731954131629e-01  -6.8370100407317792e-03
   1.4906437470453693e-01   7.5056419323070644e-03   4.2605653241982716e-01  -1.2715699037824633e+00  -1.1218916589521579e+00  -2.5553633614825577e-01   2.0619052195397569e-01  -5.7199269580635059e-01   5.5053761818591791e-02  -5.0842830869995814e-01  -3.6459734578180669e-01   6.1728788819376645e-01  -7.9271128580442618e-01  -6.0165255322451283e-01   2.5462929680667096e-01
  -4.2791352987010700e-02  -1.9992968141213563e-01  -2.0690756778710115e-01   1.3571849526935353e-01  -6.7787301226818097e-01   8.1673346479411946e-01   4.7251890908553107e-01  -3.0280816127367233e-01   8.2700878130569255e-01  -1.4937035100913756e-01   1.1040850540128786e+00   1.6786873702341170e+00  -6.3129174976489077e-01   3.7254605453445411e-01  -5.3017438161516739e-01
  -1.3972895776795693e-02  -9.2367495848970152e-03  -3.6838256642686446e-02  -3.1795582980321918e-01   3.8228767391980373e-01   4.2461815090732297e-02   5.9260562445838161e-02   1.6833731142594416e-01  -1.7776745004154731e-01   1.3199474893354801e-02   1.8962419318732954e-01  -2.1655765414971917e-01   8.5305988755966289e-02  -1.1448256130170868e-01   9.8772940247391061e-01
   2.6120058325747386e-01   2.1845368383195005e-01   1.9724495827492691e-01  -1.9295162884690342e-01   1.6260068327581872e-01  -6.7219690195985160e-01  -1.7983743681134107e-01   3.4634416401902379e-01  -2.4219228028939688e-01  -7.2007901122737181e-02  -2.4252704885882759e-01   2.5111006332457769e-01   3.8188600735154904e-01  -2.4488839127849776e-01  -2.5130059171951703e-02
   5.4067343262688132e-02   1.2204700393694000e-02   5.8946231973034025e-01  -1.2404300979970830e-01   2.1295761303841293e-01   5.5868748521047881e-02  -1.8082637970793991e-01   1.5847310093988562e-01  -1.3249750724864129e-01  -1.6272949659830854e-01  -1.5370716649328536e-01   1.1265660282214321e-01   2.2499632582918302e-01  -2.1638459461689113e-01  -1.7398060810617032e-02
   1.4981847811607726e-01   2.4437795332959489e-01  -1.2632773186003912e-01   1.4091564710328117e-03   1.4106191869164797e+00  -1.1518155421101692e-01  -5.9147149530708953e-01   2.3915843635155504e-01  -2.6530097927007901e-01  -2.7236637626139681e-01  -5.1181949324329024e-01   2.0803351928245098e-01  -2.1221559830151851e-01   6.1020042367658345e-01  -5.7496886890497222e-02
  -4.0876449734026377e-01  -2.0208670970785780e-01   1.1122296334459653e-01  -6.6090667640056430e-02   2.5648013263126646e-01   4.1231436601844307e-01   1.6539189292123610e-01  -2.3082142258425128e-01  -9.7985321185167264e-04   4.6573055743985026e-01  -2.2494607408078501e-01   1.1383199625795752e-01  -3.4741571405229188e-01   1.0289726897998620e-01  -1.1389797136814055e-01
  -5.1000864156645634e-02  -1.0970745919766364e-02   2.1164345682611344e-02  -1.4600654538862987e+00  -7.8579272771008513e-01   1.5068298498998828e-01  -7.9557651835120091e-02  -4.9851551949512724e-01  -4.1495459686485631e-01  -2.7344978015827977e-02  -2.7223363240108472e-01  -2.4363044511998756e-02   6.9969848208480478e-01   1.6782273010986604e-01   6.7977337389787840e-02
   3.6844727254093335e-01   3.3546602821179861e-01  -3.9225438638695292e-01  -5.6109675023666573e-02  -1.1903993948419103e-01  -8.8495392502105830e-01   2.4902992976794461e-01   1.7144418993815200e-01  -6.2969406416020571e-02   1.7611695905214045e-01  -1.4768354462208571e-02   1.2848995130376129e-01   1.6288721109863114e-01  -1.2734401929933847e-01   2.7549341428859012e-02
  -2.1213084003031440e-01  -1.1429485753445379e-01   1.3936016241160581e-01   4.6774063293285220e-02  -9.2003338465654588e-02   3.2240213125996681e-01  -3.9471976615157189e-01  -3.5610647917961168e-02   6.8247581163278670e-02  -2.4381346812027879e-01   1.1372006394602906e-01  -9.5070798874345400e-02   7.0761457657107132e-02  -4.5382057159848332e-02  -6.6648984513377517e-03
   1.6057256629062707e-02  -1.4224933563044539e-01  -1.9588769060503827e-01  -1.6705967951700035e-01  -1.9505191770824962e-01   7.9816359304209594e-01   4.0922087455466877e-01  -2.5585327932334490e-01   6.7738887299572326e-01  -1.8313533189440806e-01   1.3421259290116656e+00   1.1046420501351690e+00  -4.0581844570160969e-01   2.5344325060287193e-01  -4.7856669857499290e-01
  -9.3862128177784080e-04  -6.2723514302371136e-02   1.3714161604415648e-01  -6.1687776365364422e-01   3.2606459546410232e-01   7.6795745653141262e-02  -6.2024750915140245e-02  -6.0679168840555305e-02   7.1495219298223195e-02   1.7674482577774979e-02   1.0734523871203805e-01  -1.5226163515412774e-01   2.7203173198599258e+00  -1.3246224209860331e+00   1.2549917218012449e-01
  -4.7176566253994710e-02  -3.9583563780336128e-03  -8.6093952658785766e-01   1.7882394884458594e-01  -2.8220584178683927e-01  -3.9545846931056483e-01   9.0587654463851430e-01   1.0365319621070646e-02   2.9289341317921658e-02   1.0662990376673895e+00  -1.2503380837168574e-02   8.9345221404538766e-02  -1.6415710699695782e-01   1.8867914062158991e-01   1.7136398208269861e-03
  -1.9378508515540613e-02  -2.1227745113826746e-02   6.6806568598708066e-02   7.2404409983996484e-03   4.7059490854175469e-02  -1.8284676402609345e-02   1.5455337197056310e-01  -1.0570691940711308e-01   8.9748616427089797e-02  -7.5738068258248570e-01   6.3851676624387208e-03  -2.3440581191312586e-02   6.2716707262464894e-02  -9.7167328828942121e-02  -2.7049706207930728e-02
   3.9233564659985988e-02   1.6921706715402926e-02  -1.7323180288950313e-01   1.3741827609217481e+00   5.3267172482936009e-01  -1.8897131988458624e-01   1.6904136804650519e-01   8.0388736777361369e-01   5.0334798510979295e-01   9.1596543127946184e-02   2.4379766951018825e-01  -4.9871939545540755e-03  -4.8964300698718705e-01  -9.6063693901865949e-02  -7.3998883496173257e-02
  -5.2540941284337041e-02  -2.4252559765872386e-02  -1.8497018061632714e-01   6.6066356879789945e-01   7.5812997129678672e-01  -2.3270514540852650e-02   8.7881009827772250e-02   1.7540772627116877e-01  -1.7549703933135569e-03   2.1260203190029359e-01  -2.9323809770866086e-02  -1.5041227616005723e-01   1.1715258676863991e+00   1.3168490123071779e+00  -1.3476368411764858e-01
   6.4490507258393351e-02  -2.4715083205053923e-01  -3.7298536878837424e-01  -3.7631823680908055e-01   9.0524793292339062e-02   3.2171856118130887e-01  -4.2491081438206835e-01   4.2011494425582002e-01  -3.0947647069592482e-01   1.0950296914125046e+00   3.9805230513083950e-01  -2.7603219614421204e-01  -1.8215061952752812e-01   2.6087401059697141e-01   4.6146270605180631e-02
  -6.7454151572069826e-02   1.3629507795693399e+00  -3.8502212773699507e-01  -2.8591366134275209e-01   4.4770978191051036e-01  -1.3628119231940774e+00   5.6450628215464793e-01   6.0364754141183016e-03  -2.4463618854065172e-01  -1.2069150134626145e+00   2.0768242499686149e-01  -1.3897635655424623e-01  -2.1231304700563133e-01  -2.8549081583046903e-02   6.3903623486066249e-02
  -3.9829524222253568e-02   5.3733938363706379e-02   2.1730126662451988e-02  -6.9457994772079812e-01  -4.3767564545063570e-01   1.8332277209874043e-02  -3.1985451463666154e-01   7.8947435639783303e-01   6.3480214111540131e-02   1.9886069647763324e-01  -6.0111651731258919e-01  -1.1076985794470107e+00  -1.0104013953609705e+00  -1.2954938743857487e+00   3.0223618009162312e-01
   4.1547776198587162e-02  -3.7389248175883620e-02  -7.2692979523259482e-02  -2.4239314481201357e-01  -4.3615135123363444e-02  -4.2462199245627760e-02   9.6368001639816903e-02   1.9247985059378359e+00  -4.9542650175616626e-01   8.1986003180221659e-02   9.1144923006570816e-02   8.9882364745380167e-02  -2.4538342283304586e-02  -1.9818505190508953e-01   2.3896378959194480e-03
   9.7001455816904752e-02   4.1280877084641926e-02   1.0523335276575435e-01  -1.2706321584576301e+00  -4.8723660743341762e-01  -1.7892414117747771e-01   1.9489417034306772e-01  -3.2415293633683551e-01   7.3040331235152356e-02  -2.4208506426223197e-01   9.0811014587415750e-02   2.3065077898525382e-01  -7.7800406856760984e-01  -2.3282596147697007e-01   1.3583737464017584e-01
   3.0171394359150044e-02   2.7438201921125943e-01  -3.3124586907861908e-02  -8.1112658355844081e-01   2.4388959262981941e-01  -3.2892177232719383e-01   3.6881144448270126e-01  -6.2433033512461211e-01   2.3058249872529779e-01  -2.7125680676528813e-01   5.2571094328432122e-01  -2.3890107987242698e-01  -5.2835118174257512e-01  -5.8580758847798328e-02   5.8687024239415554e-02
  -7.9539399888791759e-02  -9.4030491935698277e-02  -1.8105516540353161e-01  -3.5590843078386575e-01  -2.5717634576338533e-01   2.1397611787021476e-02   2.7130777416876778e-01   2.2305432084879522e+00  -7.0704693893289527e-01   2.6205296052533522e-01   8.0211182426975156e-02   2.8999326600261865e-01  -1.3934807320911951e+00   6.1449104332530946e-01  -3.1472724874271357e-02
  -3.0801036343283583e-01  -1.3389044272338921e-01  -4.0752525793790698e-02  -1.3750045633103744e-01   4.6268048275715806e-01   5.7678725334875658e-01   1.3187152518309369e+00  -1.0919680390762973e-02  -1.5312963307821931e-01  -3.8529596422111118e-01  -1.0728236920274652e-01  -4.5369422267659582e-02   6.6796269023513249e-03  -6.3616760997140434e-02  -7.8151964036733523e-02
  -1.1535499943058120e-01   3.1370742934826681e-02   5.6903317435135645e-02   1.6084692007833884e-01  -6.1779224507691008e-02   1.2146787951080411e-01   4.8170329335786033e-01  -6.0703969992446774e-02   4.3867664557690700e-02  -7.1856725511565944e-01  -1.5118473112723607e-01   9.6542684627867928e-02  -1.2521510218447701e-01   7.3373766366763599e-02  -3.9688845803126380e-03
   2.6184797204541126e-02  -1.2735631318499360e-01   1.3909084631593079e-02   8.9231657327648783e-01   1.0006908905966907e+00   1.1965673808191298e-01  -1.4892125706294146e-02  -1.1879905175564297e-01  -5.8137766253538760e-02   1.2576468550712203e-01   6.3837565082765213e-01   1.3246267999842942e+00  -2.1736920539811556e-02   3.2168158202604394e-02  -1.6195776653976560e-01
  -3.7191623575850125e-02   7.0611947347106907e-02  -2.6887122074092835e-02   1.5169324478357109e+00   1.6312746634209645e+00   6.9496018718196745e-02   1.5098561333800817e-01   1.1868185137028178e+00   1.6244691388639783e+00  -1.1782797717400647e-02   3.3809317160542411e-02  -1.2678010043782195e-01  -4.7745638133042184e-01   4.2291123726843932e-02  -1.0278869906850870e-01
   3.2019806620436714e-02  -1.6203734966162969e-01  -2.3147452911343354e-02  -4.5972249253218034e-01  -1.3465043925512359e+00  -1.3887495189884339e-01   1.0427496351760522e-01  -2.0350160458673323e+00   1.3915451721256941e-01   8.9887301695764421e-02   2.5514861911561720e-01   5.3651680017179670e-01  -4.1767478556472837e-01   3.1047550908819160e-01   1.2964113197738789e-01
   6.5622134640821922e-02   5.5304927340093235e-02   1.1167673107065988e-01   1.6355839882373280e+00   1.1616288738287601e+00  -2.1756697290766933e-02  -6.4727059717401558e-02  -1.4169641503131872e-01   2.7177334435680983e-01  -1.7709118844915991e-02  -4.1482914039382757e-02   1.8020031226426195e-01  -2.5941811286942146e-01   2.3541545470199379e-01  -9.1262426529397311e-02
   7.4035389259912410e-01  -2.6880048750290941e-01   8.9596780392097952e-02  -1.0100025022279067e+00  -7.8066777492848161e-01   2.6534603596405654e-01  -7.2486363426052913e-01  -3.9755234194264383e-01  -3.1289345773552496e-01   9.0384643649894725e-01   7.1900852359573247e-02   2.0270582471051563e-01   1.0972653965120052e-01  -4.3192760612895065e-01  -1.9544112214952941e-01
  -6.0740950254350994e-02   1.3105758954724536e-01  -4.8082965924937035e-03  -5.4353700151302642e-01  -1.7300216682769631e+00  -1.2346145392657897e-01   3.4330296042791655e-02  -1.8271738555854772e-01   3.5361599721495651e-01  -1.4532723589511934e-01  -1.6649422542467098e+00  -1.8485768062252368e+00  -3.1455303621512838e-02   6.8623000708199933e-02   7.2800635470302591e-02
  -4.0438306302348153e-04  -8.8320160015943686e-02  -1.9061977651163292e-01  -1.5843068991131756e-01  -2.1950934173769399e-01   3.5475737890368148e-02   1.0353742361453326e-01   9.0327664307460157e-02  -1.0599044824040103e-01   2.7050818281598038e-01  -2.9187462348150550e+00   7.9563889848748126e-01   3.8761492489774535e-02  -8.2232178440787604e-02  -1.2199335114504717e-01
   3.8769759396527415e-01  -1.3778022346251467e-01  -7.4717077115832520e-01  -5.3090752711458011e-01  -5.2438331588412623e-01   9.5852810867052196e-01   1.5487983930218840e+00   5.9132422660807427e-01   1.0126068525760350e-01  -7.6351086767067222e-01   5.5874488834803046e-02   9.7699771632150947e-02   7.6987564841568712e-02  -3.2018328441773292e-01   8.1124701494958540e-02
  -5.4334086847386233e-03  -1.0386724395166246e-01   1.9211665458987703e-01  -9.0930693290739759e-02  -6.7614260283340097e-02   3.2881545925543998e-01  -3.6185575111009788e-01   2.7821287024696212e-01  -1.5095886907023454e-01  -5.1074168224712682e-02  -4.9771999737677280e-01   5.6657986202557953e-01   4.2753770070600150e-01  -2.2715243438811528e-01  -8.6082824672817065e-03
  -1.4540010453073338e-02  -2.4049194486056850e-02  -1.6956740238067786e-01   3.2087063349765965e-01   6.4552094215404532e-01  -6.8992251611706273e-02   1.1688132704039723e-01   4.6708934257283707e-01   3.3582954233227096e-02   1.2517669547477764e-01   3.8799288034680879e-01   2.2211019078885569e-01   1.0175397343550843e+00   9.8801157434348807e-01  -1.6703239718137095e-01
  -5.7985283660079143e-02  -5.8117517207279090e-02  -2.1976790949965977e-01   1.4759246514730304e+00   1.0454138944477496e+00  -4.1419186242755771e-02   1.0819250283018518e-01   1.5029289589247671e-01   1.0814469346430138e-01   3.5659931611054074e-01  -2.3070978651657931e-01  -1.6350760841676701e-01   1.5654033060882737e+00   1.8565981384582193e+00  -1.7144494987295666e-01
  -2.8781202195296651e-01  -9.8580624410717035e-02  -5.6923396437028852e-02   1.9833972819945207e+00   2.4406151803505433e-01   1.6925294051295192e-01   3.6511034273775983e-01   1.0863524952913453e-01   2.2963516523775518e-01   3.1969584643311066e-01   2.5258726323814723e-01   1.4755088995954098e-02   8.3085629443901776e-01   1.4125354101806786e-01  -6.5071248458151310e-01
  -7.9428523466542622e-01  -7.7698030008671815e-01  -2.0787776566576113e-02   1.9871904441115482e-01  -1.8649669938329033e-01   1.8669224595117069e+00   2.8521102232498263e-01   2.1836006826034433e-02   6.3924096281188026e-03   1.7479833940719941e-01  -2.2062722447808270e-01   1.9211086442901126e-01   3.4543621800230510e-02   4.0527274638670591e-02   8.8682450524573981e-03
   7.5391057771180972e-03   8.6858728913533547e-03   3.2811965736687772e-02   9.2267958663611691e-02  -1.2326634538282012e-01  -4.6648146128613073e-02  -5.7519589297182323e-02  -6.2210990098519277e-02   6.3544643169693993e-02  -1.1175354030815043e-02  -8.9452458761254641e-02   1.0319063845094785e-01  -3.8818975461473726e-03   1.4305708805037851e-02   2.4952958923445028e+00
   4.8323960767984495e-02  -1.9614033884577883e-02   9.2253165014035382e-02   1.3952060894135565e+00   1.0816193773116733e+00   6.9063502824572826e-02  -7.8569395930371086e-02  -2.3321333845139755e-01   1.6412237194544149e-01   2.5800177981873774e-02   1.5086502180008740e-01   5.8903326597050842e-01  -1.6253477908085368e-01   1.4139141982410186e-01  -1.3119948809709175e-01
   7.9992060417757638e-01   9.9332164713560755e-01   4.9906320174795082e-01  -3.9510459840688689e-01  -7.7085056491249460e-01  -2.2260076862277919e-01  -5.2166337417028523e-02   4.4183192949946276e-01   6.7078625000701289e-02   1.0322485246525039e-01   6.8518615744144640e-01  -1.2456241291150416e-01   4.0476037814622617e-01   1.1032874167289129e-02  -2.1291714528105654e-01
   2.2076226664223680e-02  -1.6455824904594926e-01  -4.5962034138672860e-03  -6.6022259097231706e-01  -1.2676654072365119e+00  -7.8948025758283399e-02   6.5636123560635251e-02  -1.5119397979491995e+00   4.9030897751967055e-02   8.6687573961435116e-02   2.3181590020173878e-01   5.4549892222719421e-01  -2.9717265019360883e-01   2.0138275856104015e-01   1.1931926429656348e-01
  -3.8019672007258920e-02  -2.5373158200326883e-02  -8.4830723580950895e-02   3.5917381159466723e-02   5.0719765514871717e-01  -5.2385297603598398e-03   1.6773444043806454e-01   2.7017468388547866e-01   1.9090797199555065e-01  -2.6584141285911796e-02   7.1845187317958359e-01   5.8191049237980030e-01   9.1524494660258893e-01   7.9409980962099103e-01  -2.7177868881510187e-01
  -2.0610846305997671e-01  -1.1113169022201257e-01   1.5108211319583431e-01   1.4030894892022214e-01   1.6233571603884075e-01   2.5719445189756618e-01  -1.7856485665030106e-02  -6.9416921883683524e-01   3.9745973996370365e-02   3.2781167145278878e-01   2.1649339844633877e-02  -1.7042642588426307e-01  -1.1947893205429387e+00   7.2863447875039222e-01  -5.5565341906646172e-02
   9.8579418110070138e-01  -2.5213482983811746e-02  -1.2508600341619162e-02   2.6226654578499001e-02  -2.7545661996375929e-02   8.6677158133900371e-03   3.2664389008088424e-03  -1.9353906956746415e-02   2.5759729316224483e-02  -1.1768335365895954e-02  -1.3406332913094950e-02   1.6102576768217657e-02   2.6579459207719661e-02  -2.6120585946853462e-02   1.0400766308580180e-03
   1.6778717097479368e-01  -2.5377735033060278e-01   1.6770204654793772e-01  -6.3874597401257915e-01  -2.0606575400230662e+00  -4.3233172404437102e-02  -2.6087371931325493e-01  -8.5196807877230230e-01  -1.1010672710369813e-01   1.0891017469120695e-01   9.6528458887804758e-01   1.1533078308543330e+00  -5.1741009401829008e-01  -1.8602958970132807e-01   1.5276643047151645e-01
  -7.6252815462584070e-02  -4.4543597155127110e-02   4.8738730337327718e-01  -4.6322314753636062e-01  -7.5069873979468260e-01   4.2028524902042635e-01  -4.4522157579995914e-01   4.8252742891415257e-01  -5.8413171788866985e-02  -1.3730980728742950e-01   7.6585492896216478e-01  -1.8115719620806406e-01   6.6409216215167211e-01  -1.4051313518930414e-01   1.4017794025599417e-01
   6.4203617140996461e-01  -2.2988431692327860e-01   1.0722675265656851e+00  -2.3140191007523062e-01   1.0557859176535679e-01   3.1703885740790910e-01  -2.0714071520657242e+00   1.9329507530343248e-01  -1.2766410066742634e-01   4.2534162244664742e-01   2.1635122063305347e-02   3.3097368414224643e-02   7.6650605134418570e-02  -2.0364929786971728e-02  -1.1023041993522231e-02
   7.8929615022645158e-02   3.5107016700382909e-02   1.8574150594469313e-01  -2.8103233708033781e-01  -8.6401637344953164e-01  -1.3552294674093310e-02  -5.7770302170379866e-02  -1.9272186391227072e-01   6.9168696589041248e-02  -2.2442662126476012e-01  -7.2908111984055099e-02   2.0524921704860369e-01  -1.3461821055251277e+00  -1.4231489821880985e+00   1.7493091630854016e-01
   1.6736500900284106e+00
   4.6749790109779171e-01
   3.3199471871590132e+00
   4.9957395031396912e+00
  -4.6217393091123595e+00
   1.4394932146760522e+00
   7.7895917662963188e-01
   5.6713732068535281e+00
   5.2626594439696959e+00
  -3.2978974354992863e+00
  -2.0933142688480584e+00
  -3.0026438020991435e+00
   5.4428706939349936e-01
   1.3187283072787035e+00
   5.5804553980089722e+00
   9.3102845529232858e-01
   4.2126967961923620e+00
   1.2265815247690108e+00
  -2.3603275500245147e+00
   3.4577549869103530e+00
   3.1090897937909920e+00
   1.1597130182938284e+00
  -2.2893134810358831e+00
   2.6485012237216204e-01
  -7.0280298473013880e-01
   1.1639040859022400e+00
   1.0901369618645995e+00
  -4.1492521070415025e+00
   1.3365619805321960e+00
   1.2076927134627962e+00
   1.2308607034627888e+00
  -2.3611255837746712e+00
   1.6026360939418338e+00
   3.4920509261359894e-02
   1.2995855322141221e+00
   6.6243056721240545e-01
   5.7092624544129122e-01
   6.6855407552371227e-01
  -3.2993786981023638e+00
   1.1104759371464499e+00
  -1.4298787217639525e-01
   1.5525007393902044e+00
   1.3173775875673919e+00
   5.9039685659381147e-01
  -1.8076453392369066e-01
   2.9697459823637704e+00
   3.1253279340886269e+00
  -3.6662507087841728e-01
  -3.2578394913805546e+00
  -4.2492608803090874e+00
   1.2345428981349817e+00
  -2.2558381843452748e+00
  -2.0122072825205799e+00
   1.1414823542311729e+00
   1.5652503623607819e+00
  -6.3374215220139374e-01
   3.4288390020820616e+00
   5.7044667153081408e+00
  -3.1592793402030681e+00
   3.1260665175867555e+00
   1.8100491397313840e+00
  -5.3114582897770592e+00
  -3.4346868820404355e+00
   6.9364464315506358e-01
   2.0044042501160644e+00
   3.3743978576774367e+00
   5.1891799348992400e+00
   3.2104120662095452e+00
  -2.1557898843516061e+00
   2.4483583012652441e+00
   3.2292784598219071e+00
   1.3607263181656242e+00
  -3.1444330213838962e+00
   3.6604787637550089e+00
   1.0724992553343773e+00
   1.9733895372269132e+00
  -4.4415920220714842e+00
   3.0948736668453352e+00
   2.9947631880126981e+00
  -3.2609767291073886e+00
   5.5694555067163976e-01  -1.0937699125618030e+00  -1.2244493756727799e+00  -2.2198394389443918e+00  -3.1224629073398900e+00  -5.3212712023171138e-01   1.2107259121146845e-01   3.2433382066503076e+00   1.9387485956294344e+00  -9.5075602615914834e-01   2.5983129289329807e+00   1.7413878959209117e+00  -4.1228823136504347e-02  -1.5084701299137533e+00  -2.3109034037947174e+00  -1.4337215099030234e+00  -2.9763864649635074e+00   5.2696738175534441e-01   3.5615025717010202e+00  -2.7093757339644373e+00   3.4668366663853147e+00  -6.9730463965147904e-01  -2.1765321315930999e+00  -6.5473789827630435e-01  -6.1928329256701919e-01  -3.9660621639882365e-01   8.4559118723884746e-02  -6.8591274509176103e-01   4.7283985452181217e-02  -1.2195404155724918e+00  -2.3909415025481646e+00   5.3508914192081744e-02  -1.6573470523704154e-01   7.3535649081501164e-01  -2.0537361055348673e+00   1.7274381885406558e+00  -1.6558601865410836e-02  -6.8625278063435891e-01   1.7443081293952725e+00   1.8499309237824808e+00  -1.3257941923452696e+00   1.8203198449002117e-01   5.0728451810521946e-01  -9.8573261447097660e-01  -1.4540085431588907e+00   8.0007130105170965e-01   3.1649162825890711e+00  -2.5239228696803401e-01  -2.5587677836866907e+00   2.6627642101934486e+00   1.1257289768862344e+00  -3.7903606135661339e-01   5.9261897064399349e-01   7.4370247098643572e-01  -9.7300681230913943e-01   1.1751071945056857e+00   1.9235624068346908e+00   1.8094058464951384e+00  -1.0609996431779192e+00   1.5267952293495477e+00  -6.4314169119970366e-03  -8.7986684313714725e-01   1.6286882432911793e+00   1.5669703804877023e-02   4.2237289159682563e+00  -2.3598947916563930e+00   1.4465560444045795e+00  -9.8714416490412141e-02   7.8459829358329847e-01  -5.4445510296781086e-01  -2.7150211480274393e+00   3.2016931376725122e-02   2.1969846174366383e+00   2.9885533245462574e+00   4.5220675809715044e-01  -4.2040315646383926e+00  -2.0261972673573272e+00   3.5026722496282336e+00  -1.9749956844326506e+00   2.2341374734298665e+00
   3.7546979367931308e+00
   1.5546629000000001e+00   2.6077726999999999e+00
   1.7056351000000001e+00   2.8814030000000002e+00
   1.7824696000000000e+00   3.4890642999999999e+00
   4.0002673000000000e+00   1.4802239100000000e+01
   4.0427045000000001e+00   1.5674397000000001e+01
   1.8553014000000001e+00   4.8097791000000001e+00
   1.9885799000000000e+00   5.0836315000000001e+00
   2.1697110999999998e+00   1.5650007000000000e+01
   2.2629454999999998e+00   1.6188968200000001e+01
   1.8590968999999999e+00   5.2538783999999996e+00
   2.0755580000000000e+00   1.5447499199999999e+01
   2.3120763000000002e+00   1.6739728899999999e+01
   1.9716711000000000e+00   1.5762992700000000e+01
   1.9833201000000000e+00   1.6850106900000000e+01
   8.7752929999999996e-01   3.4291982000000001e+00
  -4.0950886179999998e+01  -4.0677037630000001e+01
  15-80-1

Aug_30_f12a_24, nn24_k
10186 points for H2+CH3 asy, rmse= 3.1841 meV, rmse(<1.36)= 2.1204 meV
