   9.4323648042007976e-02  -4.4368794963556496e-01   3.1457105331065266e-01   4.3502422728351764e-01  -3.9038307928953858e-01   5.0386547187483632e-01  -4.1340497018965378e-01  -2.9173636817589099e-01  -1.1911635740022306e-01  -6.7448717544094716e-01  -4.4511159922271809e-01  -2.0477801711736709e-01   3.6836939758829085e-01   1.0592024148807404e+00   3.4951401459915227e-01
  -2.5539113886069487e-01  -4.7110752714094928e-02   1.8470056713322086e-01  -1.0880423210149466e-02   3.8172652244977838e-02  -1.8677053152893941e-01   2.3452808551559172e-02   1.2752720540267031e+00   4.4167831286275339e-01  -5.0064438570291893e-02   5.3842885397654228e-01   6.3799910318412464e-03  -5.8657931198715785e-01   4.6622395529655809e-02  -4.5800004196607874e-02
   2.7673236050988120e-01   1.4691165880868179e-01   2.2244455245958128e-01   1.0991428016795370e+00   7.4882269895237896e-01  -4.4893868232924344e-01  -4.7227469548918838e-01  -9.2822095500848883e-02  -3.5586625773112346e-01  -1.8840348174003058e-01  -4.7202358921712378e-01  -4.8148187697695682e-01  -4.7626355261345960e-01   2.3986542429332813e-01  -4.6566948757371218e-01
  -9.9114308828692974e-03   1.8303248850539217e-02   1.1822811013643989e-02  -2.3502373084206551e-01   8.3477386800438580e-01  -2.0895045110380792e-02   1.9053150982515143e-01   1.4179527525847124e-01  -5.8036416929749934e-01  -5.6238670982148985e-02   1.7203096477971183e-01  -2.5411681183638707e-01  -4.0671958409150402e-02  -4.1298197549571522e-02  -1.8902418968702590e+00
  -2.0833182990190779e-01  -2.5309204248912642e-01  -1.5384491981192730e-01   1.4311572323535497e+00  -1.2449534447533361e-01  -6.0522998586668292e-02   2.9326808142571631e-02   4.2292177540280562e-01   4.3230331139109159e-02   1.8591296441268662e-01   3.0600231225067019e-02   8.0780052965869723e-02   6.5618560262229941e-01   1.3095638169363749e-01  -1.3627715451167272e-01
   3.8998187436004798e-02  -5.7933846557760071e-02  -2.3117088606283204e-01   1.0246749162210671e+00  -1.0919585303342529e+00   5.2605611852227098e-02   5.3258466133311991e-02  -1.8885375734241663e-01   2.9038210539802428e-01   3.1451429073680504e-01  -9.6442432576349477e-02   8.1911013982547895e-02  -4.9729065251879057e-01   6.2899388787606247e-01  -4.2543762338923474e-01
  -4.0132550085575494e-02   4.0270058763991956e-01   3.2047163847017779e-02   1.5632537785653874e-01  -1.1121587873312486e+00  -4.4172809353078307e-01   8.2194333271666686e-01   2.6639216544321664e-01   3.9957177078592965e-01  -1.0674393072867669e+00  -5.1949672802164781e-01   8.7112535613850672e-01  -1.3973506316210341e-01   1.1098882530517966e-01  -7.1823074400891851e-01
   7.6950054733198991e-02  -1.5794543149536847e-01   1.1386193510048238e-01   6.1769731875288314e-01   2.6193883206442981e-01   5.1018364974071551e-01   4.3259547314436619e-01  -2.1418844486180872e+00   1.3266462226816653e-01  -7.3250962368637562e-01   1.0067261680282518e+00  -3.7622365981717799e-03   9.6717169271510162e-01  -2.5115438490441549e-02  -5.2156533465305133e-02
   5.3247124260179052e-02   1.9859578372281035e-02   2.0065054401656401e-01   2.4134259438630062e-01  -4.4696267791052888e-02  -2.4448867684814374e-02  -6.8991032956659509e-02  -1.1115548286578641e-01   2.8300746424235929e-02  -1.2214095308674625e-01   5.6887143253409232e-02   1.1188546924375915e-01  -2.7035028612747397e-01  -2.3783334065134381e+00  -5.3304813625584145e-03
   5.5758247043365183e-01  -1.9615282656010530e-01  -2.8718573794792446e-01   1.1191618967898130e-01  -3.5062648367112548e-01  -1.7706237308986161e-01  -4.4325570515961976e-01  -2.9112205498433735e-01   2.2452930587414086e-01   6.6448436804339828e-01  -1.0742119483431997e-01  -3.9089800983862352e-03  -1.2172461263065855e-01   1.1271546704978667e-01  -9.0549753030364860e-02
  -6.1683646264424158e-02   4.5341615281927018e-02   5.7843296358196100e-02   2.8730192477987504e-01  -2.2016619446374732e+00  -2.7109772844323954e-01   1.2788863416093635e-01  -1.0308781130337742e-01  -5.4935336506606980e-01   9.7725032312849097e-03   3.2640205288920320e-03   1.2115631453001927e+00   2.0424684013853854e-02  -7.0994075087919981e-02   1.5407125197044966e-01
   1.1132112024309058e-02  -6.3418172611033524e-02  -1.9205889311408403e-01  -4.0466262203299053e-01  -1.7799033831742328e-01   6.2449224514784463e-01  -2.2928839823886460e-01  -6.7226621919465956e-01   2.7692915456151584e-01  -3.8094492068873365e-01  -5.7587226624203358e-01   3.5186945882062087e-02   1.4600088651543868e+00  -1.1052074189265865e-01   4.8293666876542490e-02
  -2.2560712286607543e-01   8.0121562412273095e-01  -3.9752856376989609e-01  -1.3754106444870046e-01  -4.0128105914746293e-01   2.0600430161885813e-01   2.8791924135892155e-01  -1.2531592455474660e-01   1.1417341554079677e-01   2.2902642120373229e-01  -1.1002299302917611e-01   2.8684526834069390e-01   5.8537158841792586e-02   6.5166632728419025e-03  -4.6778308899616185e-02
   1.3355089513333912e-01   2.7561279717007940e-02  -7.8441270626392806e-02   1.2132925884856283e+00  -3.3008552412092467e+00  -5.0937314096034625e-01   4.3810841916462345e-01  -1.0790196126775269e+00   8.7569058314493320e-01  -4.4290125745872744e-01   2.0291891314456549e+00  -3.2776807310650852e-01  -1.6255869899174897e+00   9.0430399955919516e-01  -7.0347301752252911e-01
   8.1600037338319859e-02   1.2134628824684857e-01  -7.1918031219390555e-02   1.1546573320148648e+00   1.6189034740660946e-01  -4.4893300347542915e-02   3.5613733574817964e-03  -3.5553019006542530e-01   1.4903314073487316e-02  -7.4984054804589723e-02   1.5456787361968594e-01  -1.3636802869489251e-01  -2.2517174429672263e-01   3.0628666749832143e-03  -1.9552508983813713e-01
  -1.6947294756970446e-01  -5.1268577570078404e-02   8.5260844026344512e-02  -8.3027563954847033e-02  -1.2320055531757793e-01   8.1867400733082893e-02   3.7017280880545800e-01   1.9879596814404854e-01   2.6744016017601790e-01  -2.9102767772077531e-01  -9.8245389338056544e-02  -4.7400747115768603e-02  -1.2130091829209891e-01   3.9837796840581148e-02  -1.3038398244717023e-01
   1.1926873665486384e-01   6.0899437504596005e-02  -9.0373762655895945e-02  -1.4256315102867618e+00   3.0120301329922863e+00  -1.2678301629983654e-01   5.4382789674148474e-03   1.9400629984275653e-02  -5.5797418360637441e-01  -6.7757374054507422e-02   5.7318633461601620e-01  -7.0316246795926385e-01   7.3824701064774678e-02  -2.1448191813789866e-01  -2.3808941312748153e-01
  -1.0411296381424817e-01   1.5399269834970825e-01  -6.7746184119235428e-02   5.4838729878283987e-01   1.1348077007122501e-01  -9.8821403210352224e-02   1.4790588687310729e-03  -5.4183298687308279e-01   9.3750005049536705e-02   1.3253074397240283e-01  -1.7399921644270652e-01  -8.0012057513000751e-02   2.8603230276184866e-01  -2.5649829665987506e-01   2.1479926610578307e-01
   1.1518593751565959e-02   2.8323031200696423e-02  -7.1651848536756014e-03   1.9775660502029374e-01  -2.1657542491197959e-02   3.7964069071144311e-04  -6.9213430181550448e-02   4.7208466502886140e-02   6.2527363313821197e-03  -1.9062019523919560e-02  -1.1666793930105120e-01   8.8696460204917794e-04   2.9555971548317700e-01  -2.6149885977166815e-01  -2.4018595998038217e+00
   7.5093182274319062e-02   2.6560204168308543e-01   6.2285020655067747e-02   6.3405553238059270e-02  -8.9945128792671647e-01  -2.5501263444297101e-01  -7.5088661489494821e-02   2.7677349143583569e-02   8.8566477129991705e-01  -2.2462653643730782e-01  -4.6098279444767398e-01  -1.5314695072767150e+00  -1.9726394788336135e-01  -1.3970627229701726e-01   1.2504465606420515e-01
   2.1541590599968154e-02  -2.1330926893423852e-01   4.2401287990627051e-01  -1.8768532611223490e-01  -6.3907326990180757e-02   2.6923621100319445e-01  -8.6091688049191739e-01   2.9593427545158979e-01  -3.1646037229438234e-02   2.8047954690925725e-01  -5.9607021508718638e-01   1.0228949935651400e-01   3.7281515005583427e-01  -1.9674829135191294e-02   5.0768831045755705e-02
   4.2662405584129211e-02   6.4283306203120893e-02   1.4174238306074602e-01  -9.7919696084133345e-01   4.6530994707690215e-01  -1.9873991327956625e-01  -2.5159191389535979e-01   5.5418039185960846e-02  -1.5344820855138552e-02  -2.2951469556758813e-01   2.3666503787099505e-01  -3.4155818216447156e-02   3.0408522110408304e-01  -4.2608568506524619e-01   2.2938429650321575e+00
  -2.2639197372109127e-01  -1.0844724467018976e-01  -1.3349260231935689e-01  -1.1240711565466315e+00   6.1346104885723707e-01   2.6720326046958696e-02   9.8832541563681334e-02   5.4623485875124611e-01   1.1440488889517086e-01   4.1754783109817978e-01  -9.4341687162734444e-02  -9.7934550792520458e-01   7.5472340920155929e-03   2.6117614763142055e-01   7.1872110512687604e-01
   1.0235845217509111e-01  -5.4286536092377101e-03  -1.8611293435837575e-01   8.6805653377400760e-02   1.7804897122634614e-01   1.4538226003042509e-01   1.3746704020793954e-01  -6.7379763786544178e-01   7.5846376057474185e-01  -3.3033614151819525e-02   3.1514697010836806e-01  -3.3174167618091538e-01   2.9975534506685081e-01  -1.9291261810706950e-01  -4.5598758188729277e-01
   1.4045201657396247e-01   2.0258295838343124e-01   4.0399150316258563e-02   2.1430514037200883e+00  -1.6261079297064773e-02  -1.5021398639154093e-01  -8.4008318060439124e-02  -5.2330532509908156e-01   3.4328405134133183e-02  -1.0987131853288537e-01  -2.9116455154037607e-01  -1.2821093447215628e-01  -3.5267795820359360e-01   3.9387346508312837e-01  -3.8348770958720815e+00
   1.8843636117664589e-01   1.6695229291362132e-01  -7.5100808256964344e-02  -5.6457871302293891e-02   4.2331461148276198e-02  -1.6879301090867863e-01  -9.3597665155521856e-02   2.0860699506947375e-01  -8.2700230220187257e-02  -2.4162649804970862e-01  -2.0228487890273580e-02  -2.9663303524772349e-02   2.3680270857297464e-01   8.1477899860983125e-02  -4.8578231512808677e-02
  -1.8763838877341510e-01  -1.0141214374927547e-01   8.7508122479962605e-02  -6.5652023742496290e-01  -2.4686736378445082e-01   3.7445218610579013e-02  -4.9072665999955578e-02   2.6445273561326799e-01   2.1005828367902621e-01   6.4489479471992406e-01   3.1560587303464355e-01   6.0294086701711720e-02  -9.4201439693540806e-02   2.5171982851748803e-01  -5.2394887821420200e-01
  -3.0549803112122514e-01  -1.0772101891602703e-01  -3.9777374898816620e-01   1.8037006424532556e-02   6.0729319713131613e-02   4.6188525859601010e-02   2.7269172531714464e-01   1.0123487384394189e-01  -4.4427387260224410e-02   1.4889050773417445e-01  -2.9554940474682490e-02   1.0632881337861726e-01   1.3831802598898585e-01  -1.9846956305390445e-02  -1.4793099997897430e-02
   1.0095544809053598e-01   1.9066359337721100e-01  -8.4403888017334727e-02  -5.6649316412765238e-01   2.1633647184880020e-01  -1.5424404198563214e-02  -1.4978249811578187e-01   1.4835716354951339e-01  -2.3394178253299741e-01   2.1249115599255697e-01  -1.9092829003494652e-01  -1.7552002131254554e-01   1.0187430112547739e-01  -6.2830611846707962e-02   8.3024208776430453e-01
   5.1058654906718896e-02   4.2693070676283907e-03  -4.0631363217053412e-01   9.5750638725693005e-02   4.3270503003869348e-03   4.0778883247457577e-02  -1.6498074564142057e-01   9.3681203732988785e-03   7.0969778730014921e-02  -5.7314307445449960e-03   1.4750155587296759e-01  -2.3919548962217360e-02  -3.0243275306910240e-02  -2.6459748809988408e-02   7.1996124967120226e-02
  -1.0203455092491866e-01   7.0354057929832570e-02  -3.2915562884666305e-01   7.6481296458914272e-01   1.0243517915116782e-01   2.4809239822193510e-01   8.4302016149377379e-02   6.6746627449225748e-01   6.1815212803844485e-02   3.4355460637167257e-01  -7.2271685600662705e-01  -2.6054907638704206e-01   1.1648323503950322e-01   3.8411882453217909e-02  -1.5419663154540109e-01
   2.3042651622486904e-01   9.9391728442927721e-02   5.7801501969878000e-01   8.2611386165509271e-01  -6.7638636697122845e-01  -2.2437068347918233e-02  -4.6408722975968036e-01  -4.6427251126739200e-01   2.0664629190648245e-01  -4.7050158845923329e-01  -2.8250028510365072e-01  -2.6633494161245463e-01   4.3068338065286904e-01  -8.6573290678930326e-01  -2.9388295807020720e-01
  -7.2609372760604959e-02  -8.5054700811601353e-02  -9.8878179156613760e-02   9.9348337901235328e-01   2.2488464714030421e-01   9.1670343643185076e-02   1.2508499476224910e-01  -2.5751692261961640e-01   2.1065174449203194e-02   2.4024481930059995e-02  -8.1050227035190159e-01  -8.8310351785523863e-02   1.4726932240147994e-01   1.0416038668093286e-01  -1.9380471502913130e-01
  -1.3058967885604228e-01  -5.2662170588440790e-02  -2.0363659252476901e-01   3.2380416311671179e-01   3.6901799467812241e-01   4.2296599459825279e-01   3.0579028821923437e-01  -5.0168874502592098e-01   2.6684253708643385e-01  -1.4707830008904593e-01   2.4065560987888790e-01   2.0265707689203713e-01   1.2755843275268505e-02  -8.7545375557489158e-01  -1.5993152784369608e-01
  -4.0881610446749414e-02   5.9764265875610470e-02  -1.8728640331022994e-01  -2.9914948334670249e-01  -5.3561279479451052e-01   1.3943083782620641e-01   1.2890896681198724e-01  -3.6407031200311979e-01   2.4252218125128033e-01   1.1353556356549901e-01   9.6345634652710302e-02   2.1286481264094650e-01   5.2649801520121120e-01  -6.0467680346009751e-02   1.7044698129972860e-01
   3.6483358396709253e-01  -1.4074878282317335e-02   1.6866331929163640e-02  -8.2684531733890843e-02   1.2450055220345944e-01   9.0304068800733231e-02  -1.8758654617373208e-01   1.9171867491008177e-01  -6.3016509678921320e-02  -1.9818688921455094e-01   4.3419755872113573e-02   1.4934808922028134e-01   3.5923111673881535e-02   1.1659978228228099e-03  -1.1787356480725540e-01
  -1.7606266209694722e-02  -2.4105849056191283e-02   2.0305547330326232e-01   4.6809690917924246e-01  -9.0865388243983852e-02   1.9238883594508826e-03   2.5556419097674098e-02   9.6228081558233688e-02   1.4304409376309787e-01   2.1341139118257420e-02   7.1674283030630694e-03   1.1442986654029322e-01  -4.2746679927402254e-01  -9.4770999052254695e-02   1.8665763645449013e-01
  -4.6559317310746279e-02   1.2084787488426847e-01   8.7389080159849655e-02  -3.3955214373453108e-01  -2.5343479342229935e+00  -1.2744283894063016e-01  -1.8963557002859902e-01   2.7989775171294912e-01   2.7129397023957630e-01   4.5077262351736140e-02   9.7312453904705193e-02   1.0647362252768357e-01   6.1887624179403788e-01  -3.0417439641178151e-01   2.1441219896788447e-01
   8.6972097258401188e-02  -6.3281506642442267e-02  -1.7916312628965571e-02  -5.9730877646479141e-01  -4.1241155445627414e-01  -1.2770183032500429e-01  -6.2221798236390610e-02  -4.5600954602781081e-02  -2.6048937175910419e-02  -7.4988796074097364e-02   5.0508566735199538e-02   2.2017136210611751e-01   2.7363096830138456e-01   2.2735321313790938e-01  -4.6460480153933705e-02
  -3.9036385170329556e-03  -8.7084468128479461e-02  -4.8031457928587012e-02  -3.8664099641103700e-01   4.6950339106632638e-01  -2.3783616946942209e-02   2.8216697924501544e-01  -2.5138694972277650e-02   2.3010812359503188e+00   2.4829289935195786e-02   1.4142121174694619e-01   7.3784470275403760e-02  -1.1379862845667241e-01  -2.2171895752167228e-01  -1.2399802520885381e-01
   6.5546896107905941e-02   1.2202185942880200e-01   4.6958703319250628e-01   3.8323549620122722e-02   9.9114527109756989e-02  -1.6934144244497898e-01   5.1853782478488306e-02   8.4466855769746885e-02   2.6955697768738164e-02   1.5139012389169451e-01  -3.0079465343893930e-02  -1.9041960676502229e-02   1.6848159768570117e-01   4.2378495467759077e-03   2.3534254993308715e-01
  -2.8996375873421368e-02  -2.1306850239656477e-02  -2.4025194904650093e-01  -1.8148037045973164e-01   7.9853146778908768e-01   1.0547433306745722e-01   1.7731593184010438e-01  -2.5929202171954255e-02  -4.3901880789504015e-02   7.1004687961459317e-04   3.2785299106246801e-01  -5.3060483111425139e-01   4.6780384976594697e-01  -3.8257371620457870e-01   1.3844777760447626e+00
   1.5892141564149925e-01   1.8418489164209279e-01  -2.5315302019638170e-01   5.8213843486056216e-01   6.1253921428694158e-01  -7.3904429532069563e-02   2.9596948025055667e-02   3.2356986436466073e-01  -1.3058188930152412e-01  -1.3089484509819907e-02  -3.5920952439733494e-01  -1.7202736622722725e-01  -6.9555272445309901e-01  -7.7400088750177697e-03   3.8703648801928658e-01
  -3.1867525412380992e-03  -1.0591113219022111e-01  -1.6795623313036848e-01   1.3556096891526284e-01   2.2615511435492723e+00   3.4176677366554942e-02   1.8588264750101841e-01   1.9764604845220962e-01  -2.3784852479694776e-01   1.5525227474957976e-01   2.8945123753208335e-01  -2.8377797879322331e-01  -4.9463037899236095e-01  -6.5173919748739362e-01   1.8233928444029102e-02
  -4.9947654042382550e-01   1.4894691779461516e-01   3.1911885623762104e-01  -7.1098612984787396e-02   3.6848924297971770e-02   9.2133303416752257e-02  -4.3739889841719437e-01  -3.7789028509092618e-02   7.8985548525533092e-02  -2.0586844304523108e-01   1.2873032632667125e-01  -4.8935413424986349e-03  -7.2760492002187149e-02  -2.4193446231073050e-02   1.8420432561306158e-02
   4.2448220395564548e-02   3.2284286660861805e-02   1.3183958139979629e-01  -3.0865391300073730e-01   5.5401380652522680e-01  -4.8313657626004175e-02   2.6611323183089598e-02  -6.1608430211433496e-01   5.1993162200588680e-02  -2.1458693502952592e-01   2.4442465403656615e-02   1.3919097911331324e-01   3.7842972961431881e-01  -2.7592729723782317e-01   2.1582026482233188e+00
  -1.1996488119446615e-01  -5.8529067320401293e-02  -3.3724079672511154e-01  -2.9898647242680904e-01  -5.3696573180740803e-01  -2.7732876604708695e-01   5.0854350183665242e-02   1.8172980399135208e-01   2.9015393650809163e-01   1.1305718777873162e-01  -9.3207482198634950e-02   3.3660943802901228e-01  -7.0598515068050108e-02   2.6220228494927317e-04   2.6007715724538311e-01
  -2.2343444510329719e-01   1.7420605563797334e-01   7.6794386888084903e-02  -1.3619366712430014e-01  -6.6930487547071471e-01  -1.1777109551167407e-01  -2.0954690315942026e-01   1.0829807636006141e+00   2.0908717728843645e-01   1.5314333945691047e-01  -1.4106280096119637e+00   1.9337109837618362e-02  -2.0102886666679150e-02  -2.9469024562111606e-01  -1.1742544790291247e+00
   1.6350867382864007e-01  -6.0198604062343501e-02   9.9915399027653326e-02   3.7466231086370366e-01   9.7123981905036660e-01  -1.3779947977144330e-01  -1.1107357592478172e-01  -4.7550193289588250e-01   4.8312635213350807e-01  -2.4720253056981897e-01  -4.0263896565954976e-01   1.4146066656747507e+00   1.2325556870797638e-01  -7.2416001704042138e-02  -6.5946213443498913e-01
  -2.2049255181100894e-01  -3.2999648656475328e-01  -1.8889639000962122e-01  -4.7285088074270586e-02  -2.2135936756915101e-01   8.3297158727075393e-01  -1.4030805782891059e-01  -2.4617083036411153e-01  -1.3025592525178395e-02  -2.2115097504077752e-01  -2.1263547833232074e-01   4.1972157198176964e-02   2.5031053271347470e-01   2.7460067310666991e-01   1.1778102923795185e-02
  -3.5247583356575594e+00
   1.4636626682538818e+00
   1.5772182552632656e+00
  -1.7612683873506068e+00
   2.3322709204053318e+00
  -1.3756377206353856e+00
  -2.6289053110006617e+00
   2.3454188341239495e+00
  -2.7551651092954939e+00
  -1.4299090323189487e+00
  -2.3083367411308808e+00
  -2.1670738812503991e+00
   9.2689887080350220e-01
  -3.8208049731120517e+00
   1.0257678069395115e+00
   5.3307109439000999e-01
   1.7549555871830276e+00
   3.4581896583416888e-01
  -2.2989771287818050e+00
  -1.6583439591031572e+00
   1.4364216743499416e+00
   1.3463565048229122e+00
   7.7753277398822562e-01
  -5.0246535122863489e-01
  -1.9122509141611626e+00
  -4.2575582569948783e-01
  -1.9193754669071095e-01
  -6.8813014263168659e-01
  -3.3539223921858458e-01
   2.8019661130493412e-01
   1.1162273283109931e+00
  -1.4971951768605214e+00
  -4.9817000069674444e-01
  -3.5593705158150601e-01
  -2.2238821012995003e-01
   7.7935914480555657e-01
   4.2114037522189024e-01
  -2.1805768040424507e+00
   1.9075633102533951e-01
   2.6844556064189722e+00
   1.3103691117097205e+00
   1.4459673992013533e+00
   1.5099504849728853e+00
   1.9506064096864013e+00
  -1.0568441877257146e+00
   2.5075552285214076e+00
  -1.0229405887408556e+00
  -2.5345582476975315e+00
   2.0736970272971140e+00
  -1.6768501650040606e+00
  -7.2697228491816379e-01  -1.3141742187848843e-01  -3.3407055181439849e-01   7.0307815609697497e-02   1.7932375640015974e-01   3.8999552937875565e-01  -7.6594395687599282e-01  -1.4925498791508493e-01   1.7941546969894773e+00  -2.4657321943367139e-01  -3.7046043750243451e-01  -2.6723757302822715e-01  -1.4708998724818273e-01  -1.1136410862359860e+00   3.7422419089556502e-01  -1.5101669565396261e-01   1.7244711982290228e-01   1.9957733739499656e-01   2.9752591288203784e-01   2.9813441528304872e-02  -2.1064204658665331e-01  -3.2471063364601910e-01   2.0830752798122154e-01  -1.4868441975347985e-01  -1.6996700983171784e-01   1.0520689280964704e-01  -1.1462489625979565e-01  -7.5750025483058392e-01   4.7917859027395193e-01   1.8394983218429403e-02   3.4822601987305030e-01   1.8923489084600947e-01   1.6786907197605380e-01   6.6520913414974969e-01  -8.4691716219497648e-01  -8.9429439826506874e-01  -6.4192703571043441e-01  -4.0329766418586068e-03   7.7336627797264867e-01  -4.9474446619138029e-01   1.7931726017897773e-01  -2.6600603192203209e-02  -1.8429988508721648e-01   5.3980375489548815e-01  -9.8406739194013948e-01   3.2593664720005433e-01   4.1510780217295556e-01   2.8133743289684837e-01  -2.5893950975255670e-01   6.6072666988520590e-01
   8.6762083384530297e-01  -1.9521986219152945e-01   5.5670154127571214e-01  -1.6248405293033905e-01  -2.1989332453011706e-01  -2.0737220168598000e-01   1.4545354467992277e-01   6.7554600316424407e-01  -1.2242235160312274e-01  -8.0563783149467369e-02  -3.7872284961907821e-01   3.9585585630138576e-01   1.3608841280182662e-01  -2.1171623822754941e-02   2.8353350002696254e-01   4.1932200363269995e-01   3.4812511012389941e-01  -1.6894983718735906e-01  -3.1305966030753601e-01  -1.7537622559873584e-01   7.7119263377852476e-01   1.0838065305859665e-01   1.2343755720042474e-01   1.3055584755525904e-01  -1.1360685800418838e-01  -4.3612455745390039e-01  -1.0208818449168609e-01   2.6958325292225305e-01  -1.7233656167161737e-01  -6.0279803568117199e-02  -1.6193670180831746e-01   1.7937161756372982e-01   1.0237983336778687e-01  -1.7772118380308813e-01   1.5751717975638643e-01   3.3146198280596001e-01  -7.4979013019679941e-01   9.3715209246919950e-02  -3.4056203320826728e-01   3.4944277557601884e-03  -6.3186276749344780e-02  -1.2599796135145319e-01  -4.7477685286471683e-01  -2.4122078066813185e-01  -1.8014618483577738e-01  -7.6919091402619127e-02  -1.4694885825493934e-01   1.2791215069948128e-01   2.8016607031402890e-01   2.4444922119305515e-01
  -8.4744190853478540e-01  -2.7871760134063561e-01   4.1417542140267903e-02  -4.8852903007230147e-01   2.3643888684885286e-01  -2.4953768978955765e-01  -8.9714925588378591e-01  -1.1963788294837576e+00   6.6923359916809799e-01   7.1101786040926418e-01   9.8113096590945220e-02   9.7533667279708205e-02  -1.6634508554167779e-01   3.1130482003238570e-02   1.2939108142951597e-01  -2.8814401151323211e-02  -3.3708299757770094e-02  -3.9613160531804176e-01   1.3191969650658450e-01   1.4086314453998022e-01  -7.4771822227846740e-01  -6.9686634522186053e-01   1.9282283975410144e-01  -3.4353569627845061e-02  -1.8025641225105921e-01  -8.5642411255228160e-02  -4.4018005955305334e-02  -2.5031222256136781e-01  -4.7831381129059308e-01  -1.1540091656556072e-01  -1.3773335851701336e-02  -2.2701223826557515e-01  -1.8041240051949797e-01   4.0551039092767478e-02   4.8856711186951957e-01  -6.1392508143019697e-01  -4.1889582617430460e-01  -1.3884779324123095e-01  -7.7207207624448981e-01   1.5055281468958065e-01  -1.7101746039116902e-01  -4.3872112433088042e-02  -3.1606788506518474e-01   1.1113828003792282e-01  -1.5640732351049513e-01   8.2950424152978902e-02  -3.4852668259089331e-01   1.1284842176512476e-01   6.1914198375954639e-02   3.6257405097721912e-01
   7.1390958236004554e-01  -6.3622323483499110e-02  -2.7414065873059740e-01   3.5587258415374778e-01   4.9425130217365520e-01   4.2298997861468479e-01  -1.3600711174878435e-01  -5.2107651173978864e-01  -2.1739338350707488e-01   7.9704158207159814e-02  -2.2256170169436570e-01   6.2350526591622624e-01  -2.8589998652023030e-01  -2.3261841093841418e-01  -2.5314448031218328e-01  -9.9897683900918868e-02   1.6492315812104705e-01   1.0678909269516160e-01   2.5754882316827388e-01  -3.4240287918781998e-01   2.9529156589268896e-01   2.4027039610688476e-02  -2.3074229960098261e-01   1.6687482141589730e-01   1.9806597066707859e-01   2.5358537213768723e-01  -8.2411765330553832e-02   3.2983561552694961e-02   4.7593090572131777e-02   3.0632289650817324e-02   5.0668151490353375e-01  -8.7016471171636811e-01  -6.1246541194972838e-02  -2.5960260930862733e-01  -1.1387564548554552e-01   2.6157781275052189e-01  -1.1146139711233630e-01   6.0130903097295484e-02  -4.8793335497629753e-01   1.2770708725162880e+00   1.4581447168986211e-01   2.3965356351256745e-01  -5.3402986990631263e-01  -1.1740697489252046e-01   1.2582568248489617e-01   3.7916378420669805e-01  -3.4119656562729014e-02   1.8259029766942859e-02   1.6817520655128182e-01   7.3086090677113691e-02
   2.5204601273048816e-01   1.0288496564854850e-01   2.7808568534293920e-01   4.5354594633906403e-01  -6.4344799703926078e-02   2.6227388251344800e-02   5.5012201863631194e-01   1.6259333245307542e-01  -4.3650683255000428e-01   1.0881992653462592e-01   2.6957746910727065e-01   8.8001781902114551e-01   3.7311212017970902e-01   2.5375286993953616e-01  -4.7398224661564170e-01   3.5047282295239479e-01  -5.8914187931482578e-02  -2.9105709959153864e-01  -4.7101376774976389e-01  -2.4800014589582481e-01   6.9254044793075117e-03   2.7088368549053599e-01  -1.3088867067898047e-01  -1.5258993813029970e-01  -1.8541051542178867e-02  -4.2221876570076683e-01  -7.8086597370044869e-03  -1.8338316488821760e-01  -3.6681237020089064e-01   6.0082832758449822e-01   2.1568228255461924e-02   2.7523314799787851e-01   1.5423762963518753e-01  -2.6624143218425245e-01   4.0765544882182325e-01   4.6338701718933284e-01   9.6414592550422240e-01   1.7298010031526637e-01  -6.6307540594307623e-01   5.7640725581751218e-01  -1.0043461008891255e-01   5.2849358546296174e-02   9.6214644946117159e-02  -4.2441255226815459e-02  -4.2297188955491297e-02   4.6611654535934610e-01  -1.2264072740517129e-01   3.5390237802063390e-01   1.7081607099330862e-01  -3.2038476396265603e-01
   2.9076721161644348e-01   2.2562679683522677e-01   2.8319861681207392e-01  -4.3093708069920988e-01  -5.4787285171874492e-02   7.2505972169466260e-01  -5.3567541267342844e-01   3.0714835572564481e-01   9.1020066441369640e-01   4.4691040266528742e-01   2.9507686483740070e-01  -1.2559024006462804e+00   2.5961583499260775e-02   5.0881097165551559e-01  -5.6700864516585447e-01  -6.3223923361054157e-01  -2.3485149758005960e-01  -4.3049854550508471e-01  -9.5380914357688851e-01  -4.6103794782093838e-02  -1.3118985362789735e+00   7.0360373557573108e-01   6.3971162644915147e-01  -1.6199090051005860e-01   7.5716953630871747e-02   2.4854208318918078e-01  -1.0180967007662252e-01  -2.2535549039208078e-01  -1.0729483401877513e+00  -9.2408492786923635e-01  -5.2059206845564954e-01  -1.9730884442368628e-02   1.8413181756308583e-01   2.2443736702410821e-01   8.5748559815762959e-01   4.7009884551600545e-01  -7.6044328458832675e-02   3.9960229970750016e-01  -7.8304093100206362e-01   6.2681701660487432e-01   1.1574423775546487e-01  -7.8253960438157488e-01   5.7837903427544113e-01  -2.9346498373474655e-01   5.4833974103125394e-01  -5.1895530087952413e-01  -5.0569649406447881e-01  -1.0405305150553801e+00  -3.8848569182832260e-01   3.8168826854691862e-02
   1.0039178186754050e+00   3.4183682007740679e-01  -1.2027258067077354e-01   3.2758799018070883e-01  -1.3463338715516712e-01  -2.1509161287988837e-01   2.7219752649484230e-01   7.3846109068853838e-01  -1.5144360147556116e-01   4.7953969029429699e-01   4.3988380422230466e-01  -9.1129525193778138e-01   9.0977581247466258e-02  -5.7761485372939947e-01  -2.8991283343709590e-01   4.6869820780909943e-01   1.3609910095366808e+00   4.5041664462025077e-01  -9.6334199086740513e-01  -2.3740138639199444e-02  -1.8444733633933932e-01  -2.5120802245071627e-01  -1.3040950119421205e-01   8.4531315416268446e-02  -4.4721960845206654e-01  -4.6887382845820352e-01   2.7032380751124646e-01   2.3458696361053238e-01  -1.1717853743086583e-03  -3.4196092697756270e-01  -1.2971844272823022e-01   1.6582365459998363e-01  -4.2199995624316616e-01  -1.4417662895470462e-01   1.0798068919287801e-02   6.4209061868057060e-01  -7.5681019143847539e-01   2.6581600431674113e-02  -2.5503978231535585e-01   6.8026734012545564e-01  -5.4748036068510275e-01  -1.6609027841481017e-01  -1.6520747878856698e-01  -8.1902696467300237e-02   1.1233620113541909e-01  -1.5128522199936689e-02  -8.7654793880440562e-02  -2.3532859409506082e-02   3.8851957134307680e-01   5.2000287069764839e-01
   2.5388957539941431e-01  -5.7172663923678246e-01   3.4137690113332236e-01   6.0650743771889226e-01   4.2248789723199909e-01  -4.8307041167507730e-01  -9.0392042308192910e-01  -1.2419002443528210e-01   2.8440890974158922e-01  -1.6598599955821763e-01   1.8072837839511529e-03   8.7071013287602916e-01  -1.7043553321484313e+00   1.8659910444993928e+00  -1.8857319456960658e-01   5.8183691974251890e-02  -1.3156635317999268e+00  -2.2801764056658166e-01   3.4095942263836904e-01   2.0134044279857801e+00  -2.0006237538122687e-01  -9.5168353960072105e-01   1.0205325195114894e+00   6.9706402682370683e-01  -5.3997845551297197e-01   2.1695847608050409e-01   6.1120049670006754e-02   1.5127025343701439e+00   9.6127680545636318e-01   5.2750854626809551e-01  -3.3992694364031589e-01  -6.9154462123365701e-01   2.4303113086451270e-01  -4.2282633574489331e-01  -9.2840274345303042e-01  -1.6654896937023422e+00  -1.2653518653003040e+00  -1.7840256649773215e-01  -4.3451994265391714e-01   8.9901970903883721e-01   3.7501876399763867e-01   8.1065219422233625e-01   2.3522079392992329e-01  -3.9284045576257698e-01  -4.3705234274039673e-01   1.2686586767492616e-01  -3.2103920917465145e+00  -1.5269841999968476e+00  -1.3496702854092759e+00  -2.6932944529609720e-01
  -1.5735087965335876e-01   1.5608487610177069e-01   1.9842203423340643e-02  -3.4804486814661223e-01  -1.3202509698030315e-02  -4.5481935529911277e-01   6.7754923456412406e-03  -5.4764608472308574e-01   1.1124306702055846e+00   6.5678758563663353e-01   2.8273547437275359e-01  -1.7243206953729112e-01  -6.3801503765259060e-02   5.4507455722296566e-02   3.3329780124439928e-01  -5.4483481131634348e-01  -3.8173120213754547e-01  -3.8627972887134654e-01   2.1147179965872479e-01  -3.9579995970475429e-02  -1.8489386983790556e-03  -5.2536030756605123e-01   3.6231483630516481e-02   3.6564546272662091e-01  -3.5950314433059838e-01  -3.9185425805762925e-01  -3.8849575601557745e-01   4.1459559392632078e-01   1.2540694440996292e-01  -3.5457117006511646e-01   4.3057969131944451e-01  -6.0106595966428866e-01  -1.5817296190499144e-01  -1.7197191788778163e-01   8.7272971719880105e-02  -1.2370822905155142e-01   1.2716535880431995e-01   4.6616820451775071e-01  -4.7740728168047986e-01   1.1727426806804533e+00  -1.1213152448308852e-01  -2.1136988485679131e-01  -4.8659413837031823e-01   2.0424272157526663e-01   6.8429660400277190e-02   1.5177462840150560e-01  -8.7269950321320233e-02   6.4336591669800963e-02   6.6521894594156736e-02   2.3734042969710770e-01
   1.0233975540713670e-03  -3.5043433310273493e-02  -2.6083815614895106e-01   8.3891923400726001e-02  -4.1277018789058156e-01   2.2787419059357619e-01  -3.1654371415957000e-01   5.3603817467883597e-01   4.1277878924998657e-01  -2.2550232427904168e-01  -1.6388306535806341e-01  -1.6742505032036328e-01  -2.2124529656158354e-01  -7.7419363690119392e-01   2.4801847906795613e-01  -6.5810359598145773e-01  -3.0250871412042807e-01   9.4373236041810443e-02   1.6514994690342077e-01   5.2742548943896246e-02  -2.9116814708109912e-01   3.3809845181454418e-01   6.4220500053896318e-02   8.4103425567149392e-02  -3.1667684764029502e-01   2.0280146118083833e-02  -4.1789678585009543e-01   1.7510927184281422e-01   1.6266745912085617e-01  -2.6252985879637325e-01   1.2115896414586783e-01   3.1570731535039126e-01   1.5762008424611651e-01   7.4149967255289412e-02  -5.2693807219899358e-01  -1.9750529904245007e-01  -5.3722732376453086e-01  -2.3536285800966675e-01   3.6023753739850707e-02   9.0837100021833628e-01   3.2496028953343997e-01  -2.6004193470918124e-01  -6.6694673149598371e-01  -3.0257479689928474e-01  -3.4059906997884309e-01   3.8852065144227066e-01  -1.6066565816116548e-04  -7.6455587560808572e-02  -2.2199955454951092e-01   3.9607071278180604e-02
  -8.6914803247320715e-01  -2.1275814150828495e-01   3.9163149673817965e-01  -3.5969029750212111e-01  -2.7464874760802155e-01  -7.8240710771572863e-01   4.7508002173708391e-01  -2.4186372681002480e-01   4.1852925866765844e-01   2.4630591713093666e-01  -3.0415211198484593e-01   3.5028212659199520e-01  -1.3657771688030965e-01  -9.2785531608241389e-01   3.9677245252716214e-01  -4.2095069960749021e-01  -2.4963597005682212e-01  -4.0980052778416438e-02  -1.7308873755933094e-01  -9.2204952982536906e-02  -4.1532924066364901e-01  -2.4199885488264067e-01   2.4626775087640446e-01   3.4863508791301506e-01   2.4534997063480846e-01   3.3270626656287888e-01  -1.5546260948469642e-01   4.1317381771794232e-01   3.4337312920255303e-01  -6.6185708217525863e-01  -3.1898530288662130e-01   6.3632871221979692e-01   1.9243119036276543e-01   2.1506990003971299e-02  -3.8650366003510100e-01   2.4339225649825219e-01   2.2222004209031018e-01   2.5055393331802517e-01   8.1194035698832767e-02  -2.8525737257382694e-01   4.0726370586346150e-01  -2.4565814492363838e-01  -3.0455123287428559e-01  -1.9231907228953041e-01   6.0362115568204466e-01  -3.0124563720414144e-01  -1.6692954351202971e-01  -1.2995708849588636e-01   3.0602513434228318e-01  -3.9525376168290194e-01
   4.9420337337173870e-01   3.3452445403624465e-02   5.0285887295777021e-01   7.8661644984095204e-03   3.9317149907938020e-01   1.5335758445016476e-01  -4.3166931745437420e-01   7.5424591591434287e-01  -1.3669446096130555e-02  -3.9144622148975183e-01   2.9488326364078371e-01   6.0005789325018134e-02  -6.5108220160946403e-02  -3.3989486960118825e-01  -6.8005783545193876e-02  -3.8351866862859335e-01  -5.0225127413447035e-01  -7.0758935604858769e-02   1.2539689747780400e-02  -3.5191037173518016e-03   3.3305543080478961e-01   1.2307825890432245e-01  -1.6948047213163512e-02   3.3257919485087517e-01   1.0302338982069879e-01  -4.3402590777206523e-01  -3.7841050643361246e-01   6.5802248569147614e-01   1.9116500868582825e-01  -1.0610880729627327e-01   2.7643505106043026e-01  -2.9026736680203746e-01  -1.7656933117693790e-01  -1.4227651113857162e-01   2.2661424520013931e-02  -2.2085161746681514e-01   8.2893548486987612e-01   1.6718721575074214e-01  -3.4536210394215748e-02   7.4386063034512417e-01  -3.1506402626823882e-01  -1.1458496852343328e-01  -5.3505007352297507e-01  -1.1236775140996612e-01  -1.2954339379738947e-01  -2.1173689748245528e-01  -4.1302738591525134e-01   1.0428235647338679e-01  -7.5531222500957049e-02  -1.6276550960709571e-01
   7.3567012381732111e-01  -1.2971224128124242e-02  -2.0335753729148118e-01   6.6033868358856118e-01   4.6447831314997107e-02   3.8513189684665600e-01   3.8700212794477362e-01   5.2385004439312721e-01  -4.4198340658443003e-01  -4.7932582606964153e-01  -3.1470253872284959e-01  -1.1194389169186354e-01   2.3659075398540355e-01  -3.3988243979976657e-01  -5.8009597487161918e-02  -2.8185005511265659e-01   4.6557587792983524e-02   8.7493672573378001e-01  -5.1474437738193979e-01   1.6884144613568305e-01   7.0249465014137213e-01   2.2164700852432492e-01  -4.8463263194150341e-01   3.1237667583542839e-01  -8.2650200668372767e-02   1.7110181638119781e-01   8.3147302966847692e-02  -3.2892219373466824e-01   8.6324281800631786e-02   3.4879238092238701e-01   5.9616725804519807e-02   1.3923683625743177e-01  -4.4099678858561336e-01  -3.6565256234100918e-01  -5.5962310569505502e-01   5.0415608322230276e-01   4.7810869940658562e-01  -3.4555287126378155e-02   4.4272589863536643e-01  -2.5749817595474800e-01  -3.9996414719580692e-01   3.3596388671120930e-01  -3.0429108736636290e-01   7.7393099727552442e-02  -6.3544276832498303e-01  -3.2268773293896791e-01   4.0883209985431523e-01   1.0724703399425649e-01   3.2152205573733972e-01   5.8461751451128552e-01
  -6.5557444531286646e-02  -1.7935351117163484e-01  -1.4737609385643233e-01   1.4404759656719504e-01  -2.7990924974040482e-01  -7.2258665329419058e-01  -3.3686638513935480e-01  -2.2098164171278284e-01  -7.4489181804301230e-01   9.9352246678857531e-02   1.0961806135601526e-01   6.9276412925407083e-01  -1.3421109393336600e-01   7.2360502264034865e-01  -3.3961596476615313e-01   1.7119025912251723e-01  -1.0539848620250725e+00  -2.9596310763193573e-01   5.3569919581033399e-03  -3.1712265978180151e-02  -2.8307380838032636e-02   1.0456688382346219e-01   1.3949366479647918e-01   1.3333907672994841e-01   2.9039931337766133e-02  -2.7526130451956204e-02  -2.5365855745336622e-02   2.6068269603591737e-01   3.6257881898965019e-02   3.1209472036693159e-01  -3.8818682050918424e-01  -7.2260690569089825e-01  -5.1485931351216506e-02  -2.3145823955856112e-01   5.1803876906750990e-01  -3.5326757491957983e-01   5.4192186891681438e-01   3.0401104402514700e-01  -3.7232379534244642e-01   1.3867955768424086e-02  -2.6767078022131696e-01  -2.2798583070350834e-01   5.5075072290775080e-02   4.9859685823827621e-01  -4.7227934597274784e-02   5.0513446608212320e-01  -3.2001954519197290e-01   2.5496557722367291e-01  -4.0432002358419303e-02  -4.3369875647916284e-01
  -2.3687823417107234e-01  -3.1850954047653995e-01  -2.3860713116010088e-01  -7.7595137438149742e-01   4.1295408396509542e-01  -6.9300580407987911e-01  -5.1203550973762196e-02   1.5006731926828742e+00   9.5612428902896729e-01  -5.6124285187434497e-01  -2.5210969371319975e-01   6.2675074003151610e-01  -1.9528626643184870e-02  -4.1604206799959476e-01   1.8785112244355440e-01   3.9174251990955589e-01   1.8352647035605055e-01  -2.2970620392408964e-02  -5.9549541928508409e-01  -1.8961275160342800e-01   7.2306562894041315e-01  -2.3628959899178095e-01   7.3286783160778954e-02   5.1224664101474908e-02   7.6701846868153323e-01   6.7953823576861994e-01   1.7765173252850594e-01  -4.6873645304562291e-02   1.0712782228323170e+00  -2.6532854857281719e-02  -7.1595422451260438e-02   6.7182556335560495e-01   1.4472727396719670e-01   3.7093949954183464e-01  -9.6007714176196657e-01  -2.7566559627016984e-01   2.8859391963662845e-01   2.1129994554196033e-01   6.3675669440428018e-01  -6.5864267745532623e-01  -1.8486164395135170e-02  -2.6104948777401056e-02  -5.3499827916280407e-01  -4.8167894090516405e-01  -2.3168808507361704e-01  -1.7818058297449557e-01   5.4059161163159586e-01   4.4247471827497664e-01  -4.8109221052422640e-01  -1.5904569462091511e-01
  -1.2828503904052651e+00  -2.1358164523343715e-01   4.1396327744617517e-01  -8.1749910556797964e-02  -2.3209897365268653e-01   5.0945512980314474e-02   1.8417520660104117e-01   1.4819239227922854e-01   1.1411362840460257e+00   2.2633518763284205e-01   5.5226415098682136e-03  -3.5392119867553369e-02  -3.6651091049099076e-02  -6.8188961910510715e-01  -2.4330188435408998e-01  -2.1577885714925477e-01  -3.9301599073617521e-02  -2.4146759730491713e-01   7.0892957140959140e-02   3.1872094613716362e-01  -2.3027264570494430e-01  -1.9633732948109117e-01   1.7847210197927472e-02   2.5119074940982689e-01   1.5356847529962517e-01   1.6529256843775703e-01   1.3376744871958041e-01   9.8376071320439185e-01   5.7150015985794123e-01  -6.0001401770620710e-01  -3.8948239859555128e-01   3.5985390834863662e-01  -5.9356191436368160e-05   1.1015016754969423e-01  -4.4939061888403309e-01  -2.3553070520456323e-01   5.7170213284625411e-02  -2.2322555273342323e-01   1.0741524901232383e-02  -8.7067495028253827e-01   7.1940298815247494e-02  -1.3008602921383294e-01  -1.8711503121911705e-01   1.8587091430739253e-01  -1.3203779888809303e-01   1.0089105201839360e-01   2.8516335997930270e-01  -6.7770676927484771e-02  -3.3199140602630027e-03   4.8321343195413624e-01
  -8.2567867164911468e-01  -1.9358540029732785e-01   3.8642550373680978e-01   5.1581640201791720e-02   3.9647365798634482e-01  -4.4587640741159573e-01  -6.0204533685479433e-01   8.4266983466768353e-01   2.3368424647140680e+00  -3.3834351616579855e-01   1.7149763492617381e-01  -1.0016802428396749e+00  -5.9109314319014679e-02   1.3645065740398690e-01   9.6031674433278563e-02   3.8222003992289511e-01   1.1695318582330898e+00   8.0247580900767349e-02  -3.6085226397752174e-01   2.0496212649750090e-01   1.3342891406583066e-01  -2.4762763129830898e-01  -4.8947829754811767e-01   1.6706826385191345e-01  -2.4587590030078393e-01  -2.5413595816626561e-01   1.7680943790631398e-01   6.8789070053197210e-01   3.4426431977414140e-01  -2.3870951790988448e-01   2.1173718763869087e-01   1.1010473322158132e+00  -3.8140048226279966e-01  -1.2584653682989458e-01   1.5845299769810067e-01   8.6882320829618720e-01  -6.9299211844921582e-01  -4.2684845834432600e-01  -7.1646603479164950e-01  -1.1895003225834060e+00   1.8593208753921944e-01  -1.5096496613671859e-01  -3.6978740340264382e-02   1.3305491233737515e-01   2.3210120947278493e-01  -1.7212204571689185e-01   6.7708622730490975e-01   3.8294144112767742e-01  -1.2187348006921934e-01   2.5503550341675096e-01
   2.8913346647148697e-01  -2.9617026699525245e-01   4.5752124451296566e-01  -3.6712418949127668e-01  -1.5764526236883933e-01  -2.8610615605060835e-01  -5.7677572936458754e-01   2.7822508119858408e-01   1.1241503674280341e-01   5.9457768294283297e-01   3.4437474511922700e-01   3.8380837901396125e-01  -1.2661717211228948e-01  -6.8211872331860024e-01   1.0631123088066690e+00   5.3529645231474476e-01   7.5597880205676082e-01   3.9513542422483228e-01  -5.0515684188148857e-01   2.3092885615163081e-01   3.8411193921356807e-02  -1.7287833357219831e-01   1.9127744911465355e-01  -3.8053316182469432e-01  -4.3161417434285129e-02   9.2433565511368687e-01   6.0253312411494209e-01  -3.9993917136148854e-01  -1.6285951245888317e-03  -1.3006404204136376e-01  -6.6701974510204404e-02  -1.2841674323619173e-01  -2.6852053611826193e-01   2.0651849936557132e-01  -4.5322626515620640e-01   3.9673909858310659e-02  -2.5463301079636008e-01  -6.5973654716009600e-01   2.4254321051398581e-01  -2.6799898916156327e-02   2.9153318746087653e-01   1.6019670655824009e-01   3.1141492705555059e-02  -4.2089925366028730e-01  -5.8842253483995199e-01  -9.5861946804532350e-01   3.0632639946636681e-01   2.6143144113344474e-01  -1.3050667077950215e-01   6.0263743994218444e-01
  -1.2990590085547979e-01   4.9579752589560022e-01   3.0038978769446384e-01  -2.8957551844410545e-01  -1.2818138918570088e-01   6.8585066956470084e-02   1.7660017996990210e-01  -2.2771688620195879e-01   7.2559251065469976e-01  -1.0364512198887731e-01  -3.3648582264367462e-02   4.6210008285797533e-01  -2.2677793070472457e-01   6.7030825190588159e-02   2.8445972730768443e-01   6.6815276755657904e-01   2.2999103058327397e-01  -7.8578902478122947e-01   2.5108198596077091e-01  -1.8229133986300372e-01  -2.0735271447761899e-01  -3.7282881677709538e-02   2.5977399175502075e-01  -1.2382905560587116e-02  -1.2084403790535253e-01  -1.5553423072690292e-01   1.1360941484855323e-01   5.5807557930207619e-01   2.7425370434890778e-01  -1.2063595383098318e-01   4.8001701931793886e-02  -1.4251042280821394e-01   7.0723549172185055e-02   8.9388750379881227e-02   6.6856667583140406e-02  -2.4293591689921726e-01  -1.3404494831940161e-01  -4.4438630434149912e-01  -7.4904737013319611e-01   2.1698308915370396e-01   1.1136832772637255e-01  -1.8890433690753816e-01  -9.6319258803979665e-02  -7.0564210561412011e-01  -2.0391620543995986e-02   3.7770061577848157e-01  -1.0266363674848866e-01  -5.9999028070427958e-02  -3.1485404380517074e-01  -4.9651445230962565e-01
  -5.7529284419941529e-01   2.5615843564075889e-02  -8.6416124111510631e-02   1.1492293029706757e-01  -3.5198303323661145e-01  -1.0694051328859873e-01   6.4576440891961517e-01  -1.1691527746392221e+00   2.0914196550671792e-02   6.0336340178786740e-01   4.1961579714662328e-01  -1.0675533556489659e-01  -7.0067856784254506e-02  -1.2167708660121028e+00  -3.7850331985905838e-01   8.5279521644590772e-01   1.0900723952820715e-01  -7.5733729082002960e-02   2.2433001821783989e-02  -3.2430393785761408e-01  -1.3837969979207740e-01   1.6031891962941250e-01   3.3904678047759712e-01  -1.8193259490760456e-02  -2.1349002342749990e-01   2.6536979908066050e-01  -3.1138457959613886e-01   1.9189677375096550e-01  -3.0690514248576950e-01  -2.1710732433127260e-02  -3.1260279867649489e-02  -1.8087017591766263e-01   5.3371064686630598e-01  -2.2615632023945193e-02  -3.6711067309695922e-02  -1.5605088920138535e-01   1.9408959187254737e-01   1.5297987718187828e-01   2.2999381492010260e-01  -6.3400125486454095e-01  -4.8081598432199563e-01   3.8395528853652533e-01  -5.6505922472170000e-01  -2.1814257362468889e-01  -2.9000147635291496e-01   3.4194244055014184e-01   1.6459281208525928e-01   1.3702127126847524e-01   1.0059318643218172e-01  -1.7598117925545145e-01
   6.3072339396037880e-01   1.2265700771923350e-01  -1.5321823188736189e-01  -6.1054690394170963e-01   3.1584779248545031e-01   1.8244746820959742e-01  -8.3297396909932520e-01  -8.8368901797023136e-01  -2.0928855556441559e+00   1.8019218608284950e-03   4.0157704322883225e-01  -4.2210775823094328e-02  -4.6796133656348921e-01  -2.8894751901713905e-01   1.9909591193756301e-01  -1.0526931080412747e+00   6.8373453090846559e-01  -6.0965965505752395e-01  -3.9659311844788547e-03  -1.2981069464872053e-01  -8.1799836083018840e-01  -1.5934932562912760e-01   4.3216369817385769e-01   5.8486999151534484e-02  -9.8608993613607296e-02  -1.4469968434616112e-01  -1.3270366246885318e-01  -4.2768940517227283e-01  -1.7669119949429021e-01  -5.8822983415568297e-01   3.9013165499018865e-01  -1.3432777717991309e-01   5.2700089987666177e-01   6.0715355019930128e-01   8.1962519478418292e-03  -7.6976904931024648e-01  -7.1769199414669704e-01   4.9515011226113298e-01  -7.9685756990902273e-02   9.9414432193019575e-01   4.7874942767285050e-01  -1.1261599096264638e+00   2.8567491935010492e-01   5.9412106617501861e-02   3.7424126652120604e-01   2.1574978166949380e-01   2.7245240244288121e-01  -2.9044321810117274e-01  -4.3334433468790329e-01   2.4447509685799110e-01
   1.0812749295193962e-01  -7.8221336429920785e-01   6.9775766351254243e-01  -4.5122740289790353e-01   4.4562307636396042e-01   2.6117880591196058e-01  -2.2541809775805469e-01  -3.9327347383131667e-01  -6.1540949886900675e-01  -3.1669368962399069e-01   8.9176950278867151e-01   5.2811065505175592e-01  -1.2979367356220869e-01  -5.8057894029590829e-01  -1.2865342848379882e-01  -8.4850294296628506e-02  -2.8355183217589036e-02  -1.0032094115365420e+00   8.0632928581583452e-01  -1.4309278426746028e-01  -2.3876686433021010e-01   4.5389682869555414e-01  -2.0263304712064353e-01  -2.8485743295867022e-01   8.2765163302088274e-01  -1.8065409806437729e-01   4.3891633995479701e-01  -7.8593963916814738e-02  -1.7862287081115771e-01   5.7984051444564810e-01   9.1907393179290597e-03  -1.0907943099080544e-01   6.3477185448177187e-01   1.2491360329134604e-01   7.5427409876336038e-01  -4.9720089769217352e-01   4.3323568520925254e-02   1.8450046509107915e-01  -4.0096594433965016e-01   1.2324736620903978e-01   6.9307906615994319e-01   5.5825592206288066e-01  -7.9281484604470154e-02   8.0216136000365013e-01  -3.1973938828813170e-01   2.6966036192381696e-02   9.4758703939449795e-02   5.1539227035560731e-01   4.0947328596764115e-02  -3.8999976541631920e-01
  -1.0821275494293738e+00  -6.9981219835760985e-02   3.4317536004526522e-01  -2.6337320350119792e-01  -2.7526417644846723e-01  -3.6880914419707150e-01  -1.6829768325556191e-01  -1.8906564310526225e-01   8.0364781464261026e-01  -9.1082202439095025e-02  -1.7311323174909951e-01   7.8365031436494481e-01  -3.4263830570507853e-01   9.3909470181111554e-01   1.6364051556979239e-01   1.9826242968481936e-01  -2.6642725965151776e-01  -1.4325305033180996e-01   2.2416893679920949e-01  -2.4080768835612149e-01   2.5178626970859658e-01  -5.1938075911427212e-02   1.3962208009999688e-01  -3.7666048797575830e-01   1.7934140144864608e-02  -1.3447018109492842e-01  -7.4306555823119277e-02  -9.4900166770606809e-02   1.3833133173320364e-01  -4.3278778793369960e-01  -4.6438247599460851e-02  -5.7601864140293974e-02   1.0392584999660255e-01   4.9306853216770592e-02   9.6508818271068664e-02  -1.7666892809057580e-01  -4.4197313514747544e-01  -2.5675319409478825e-01  -5.3747219883520581e-01  -3.4476231604620450e-01  -1.9412144015696800e-01  -3.1225887374383053e-02  -2.8560256451058597e-01   3.2771770199266437e-03   4.5421346093509407e-01   2.1061086789731237e-01  -4.9917118184122661e-01  -2.1546536235220387e-01  -5.4862998603770463e-01  -1.1683077599241403e+00
   1.3907355790986278e-01  -8.0858782994811440e-01   9.0393604025451113e-01   3.5901910007921184e-01   2.1124040182235998e-01  -7.8116688784046562e-01   4.3865248642456578e-01  -1.5478029343801238e+00  -8.5931661939547460e-02  -1.8966419771790866e-01   8.4047673828672853e-01  -1.1891150076889818e-01  -5.2892310644245999e-01   3.8992686172736275e-02  -8.4674009371623882e-01   8.5128478195921675e-01  -1.7534252635139869e-01   7.0085710484082753e-01  -2.9996246669906768e-01  -3.4286959222321683e-01  -1.0099317674425239e-01   1.5846575961191314e-01  -4.9509130796447653e-01   2.9031613407914814e-02  -1.4886787765233275e-01  -5.3847942240153035e-01  -3.8859434343003302e-01  -3.9910575595141168e-01   4.8321205324506555e-01   1.0604437235218627e+00  -3.0191645501994291e-01   8.9842269465658334e-02  -1.1005656571897982e+00  -3.4081002555986273e-01   5.1568493678918459e-01  -1.9999222402377337e-01   1.1747103195000472e+00  -5.0600967462352264e-02  -1.7188324215616638e-01   3.3097653766993185e-01  -6.9974699434419196e-01  -5.9553359827074281e-01  -3.8424820294286033e-01   9.7598617768195936e-02  -8.8290701986283704e-01   5.3977052671261483e-01  -2.5573849817407190e-01   2.7848190073004869e-01  -9.5849048117518432e-01   8.0465754698953018e-01
   6.1926151373773697e-01  -1.1687804368235334e-01  -1.7501601421972293e-01   1.5126860883706544e-01   1.5884072238723868e-01   2.8084548579466312e-01  -1.0451177460769432e+00   8.5856585789831456e-03   7.6399398978493760e-01   7.7323097297606683e-02   8.4142575578153508e-02  -2.0540953377045346e-01  -3.8765345789384770e-01  -4.2992202262964285e-01  -3.0014548361473786e-01   4.4062924189721447e-01   4.6297925484908786e-01   3.2799273982372124e-01   3.3629333782064141e-01   1.8137813329739280e-02  -8.1211880832101041e-02  -2.3279263963893501e-01  -2.1433576214521022e-01  -3.6498383405847140e-01  -3.5542101629333078e-01   4.6211010608349101e-01   1.7504628907374239e-01  -6.8879681911707957e-01   3.0868766391172070e-01  -1.4518541912378188e-01   6.0427949026376615e-01  -2.4892663285444142e-01   6.4432982953640194e-02   4.3129722427879463e-01  -4.6705044131129986e-01  -3.2528140484872126e-01   3.2601240534948797e-02  -3.6364404369552134e-01   5.5655350074722783e-02   4.9487203895856263e-01  -4.8475201210229529e-01  -7.3025310428821447e-02  -1.3796520168768348e-01   1.5250171405372184e-01  -3.1089318078675909e-01   3.3011600212277947e-01   5.4008345712236028e-01   2.9516972531993380e-01  -2.8190050902014091e-01   8.7360303568579400e-01
   3.8294214526224157e-01   1.6000714546699077e-01  -5.7718975472036520e-02  -3.6961827957642565e-02   2.9155931714716321e-01   8.7999905612970220e-02  -1.0486469166224635e+00   1.1473244550773514e+00  -4.6527419589691760e-01   3.0483337034722821e-02  -5.1498147257069227e-01  -5.3339251671466814e-01  -1.9632389407391643e-01  -8.1022272617356206e-01   2.9713059413252874e-01  -3.0778067792345210e-01   4.4233594363012424e-01  -2.7612838334505424e-01   7.9275126408382912e-01  -3.5068191564808704e-01  -5.7425546611709635e-02   2.7176734152439708e-01   8.6294885582922660e-03   2.4716509634796022e-01   2.9068103616206881e-01  -1.8072560725955887e-02   1.2605901001327849e-01  -4.7508983438528180e-01   2.5846806904627723e-01  -1.0022249381003845e+00  -1.1356476689507901e-01   2.2621022156875920e-01   2.0014843070256260e-02   1.2037137516265005e-01  -3.8142584359363263e-01  -5.2003814300747819e-01  -8.4752286102555785e-01  -4.8104974810729804e-02   3.9864193406795312e-01  -1.6229474819918363e-01  -6.8896990235687772e-01  -1.1079980356043978e-01   9.2180369651270266e-01   8.7098735599280080e-02   7.7489949502450972e-01  -8.1392901824641417e-01   4.9126759430264025e-02   1.9890268114815568e-01  -1.5803094680806126e-01   1.9102170315888603e-01
  -6.9659647938753488e-01   9.5234077850521112e-02   2.8193089106885111e-01  -7.4363796992143116e-01  -1.3224042732924929e-01  -7.8883374354861269e-01   4.3391207248140717e-01   3.2716525222531834e-01   1.2456705194842144e+00   2.7850956397693649e-01   2.2621864404248862e-01  -2.1940507357753170e-01  -1.0559704996020229e-01  -4.4093377255966804e-01  -3.9527336870707303e-01  -4.2748478976613069e-01   2.2612770319300435e-01  -3.5308070183963541e-01   7.0981676307639507e-01   4.0973340624688004e-01   2.9500472539967260e-01  -5.5109473026084543e-01  -4.0177467793310956e-01   1.6693213773824431e-01  -5.8359672175304145e-01   5.0701235018702684e-01   2.9407132105936395e-01   6.9868892870882560e-01   6.7746469759165973e-01  -9.2679765113502743e-01  -1.0593630601300598e-01   6.3717002314426097e-01  -3.7299280048003108e-01   2.6838777112798318e-01  -5.2689762611218172e-01  -3.8457821281078713e-01  -2.4586677037793345e-01  -4.0281308277355304e-01  -2.3910732031304985e-01   5.2660894757131253e-02  -2.8012251786280024e-01  -1.6035158148494703e-02  -5.8969201750659539e-01   4.4202913105537978e-01  -3.5547741831488477e-01  -1.0628067482867942e-02   4.7183561082349107e-01  -4.4467853413945396e-01   3.7901182150644874e-01   1.2702752808731146e-01
   5.5463366479839050e-02  -2.0402558187748676e-01   3.5266816751778307e-01   9.7513586835904909e-01   4.8551951479448484e-02  -2.9501332885414505e-01  -2.8085542279758224e-01   5.0781156068390254e-01   8.4876301139196397e-01  -8.7714852970459811e-01   3.8711313657865865e-01  -5.2768767517226001e-01   2.5537534026284076e-01   8.1403612811981996e-02  -7.2183449088765961e-01   2.9265807164202767e-01   4.9210822886710709e-01  -3.4001134159072044e-01   4.4702099861793598e-01   3.2320591727159143e-01   7.0788149499079223e-01   3.5701091214739411e-01  -3.3796376321266547e-01   2.0363060277218445e-02   1.6629926135960318e-01  -8.9201345462156267e-01  -7.6775838610363634e-01  -4.5418284486277571e-01   3.2441917735109721e-01   5.5842185582242898e-01   6.0460781179359890e-01   1.1689759350829687e-01  -5.0161448675313725e-01  -5.6327276795295667e-01   4.1554508078272051e-01  -3.7093059999080419e-01  -1.1063242454452432e-01  -1.0677493415531485e+00  -3.7111120278065325e-02  -1.0124446468489090e+00  -2.1146468111930111e-01   3.7210479448000838e-01  -2.4933482947977977e-02   9.7556260682736373e-02  -4.2137459783119396e-01   2.1104534491262664e-01   2.5333406586705982e-02   5.4215806378532250e-01  -1.1961358135337528e-01  -6.3420911776632205e-01
   1.1061607292403421e+00   4.3111749678150124e-01  -2.8374390062799626e-01  -7.8171268119613413e-01   8.9421995898718340e-02   7.7650416891467275e-02   5.2480542748487780e-01   7.5900461913092088e-01  -1.4576848620306677e-03   2.4068075619754550e-01  -7.9152784803716270e-01   7.0025312775795323e-02   4.2334309790202494e-02  -5.0970369294989992e-01   3.2775002493357097e-01  -1.6881871372438295e-01   2.4077685230714355e-01  -3.7009148841245565e-01   1.4091298057634774e-01   2.9733780010247024e-01   1.1242994106516108e-01  -9.2942893246920191e-02   2.4402867525213501e-01   5.3936440383405426e-01  -1.4294288035640937e-01   2.2668870762005780e-01   1.1757495687870106e-01   1.2944787670429048e-02  -1.5977888437078641e-01  -3.6023097593915215e-01   2.6991047935060447e-01  -1.9794021705331480e-01   9.0695956484288687e-02   2.5252731141478735e-01  -1.4799740778374992e-01  -1.3146341343855356e-01  -9.4776410741025913e-02   3.0596865709103160e-01   3.1628125384653441e-02   1.0045262700329021e+00   6.9505022507940106e-01  -2.6014148809310998e-02  -2.1573390579501436e-01   3.9388920954276974e-01   5.4067818873645890e-01  -5.7592706295422902e-01   6.9095024217431522e-01   2.0764420223644245e-01   4.8708677075564305e-01   3.2442987975082971e-01
   1.6573678848749138e-01   7.2745789748707351e-02   1.9472338853603480e-01  -4.6110855055332578e-01  -3.9374736430483441e-03  -1.4020155261631698e-01  -1.3209998398460834e-01  -3.8242491836091003e-01  -1.3101882540941124e-03   4.3767352759441998e-02  -3.6511779737796207e-01   1.0477321082616017e-01  -1.2829957619587620e-01  -7.8924437532326308e-01   5.3529799637457953e-01  -1.3493492143237190e-01   4.1349680638719272e-01  -2.8912561980897961e-01   2.9446428594769397e-02   1.1170728467943737e-02  -1.1230866305599892e-01  -1.4314830589405833e-01  -2.9366296421045799e-02   4.1305988082743578e-01   2.2315400202352984e-03  -1.4048939808647284e-01  -6.8148106080173729e-02   1.6650799252742907e-01   1.2450314580471607e-02  -5.0696389925767771e-01   1.3022918846307358e-01   4.0764520823164996e-01  -3.2397644718974877e-01  -1.1627422218962421e-02  -2.1771688428474795e-02   2.7129122111233700e-01  -2.7754298377182807e-01   2.0510210218041316e-01  -5.3969969101865467e-01  -1.0252916908074972e-01   4.5650697262307099e-01   8.0668877752609697e-02   1.1380677441474332e-02  -5.4071413881989147e-02   4.9191336122707868e-01  -4.1291913916469636e-01   1.3704809861368336e-01  -3.3491694026935032e-01   4.1798604855152272e-01   6.0215146060711822e-01
   4.6539999132301635e-01  -8.3366226969677257e-02  -3.8541356805134500e-02  -1.3432963002240975e-01  -1.1807658616825786e-01   1.4191460741453232e-01   3.6853939724300303e-02  -1.0820403517695407e-01  -9.8609503519489583e-01  -7.3041799712983990e-01  -1.4672530973087194e-01  -1.0888650467751306e+00   1.4945764281290247e-01  -6.0196548142188955e-01   3.8969316526183559e-02  -1.0022100355014518e+00  -3.7744110553323384e-01  -5.6901232819865954e-01   3.6367468205899867e-01   8.4626142221364067e-02  -1.9962241725970198e-01  -1.6452441073022305e-02   9.3997411076450349e-03   4.1028790320157016e-01  -2.1423730537239660e-01   1.2106286557165677e-01  -1.4717092431902606e-01   1.2369990026337410e+00   1.5256845321799672e-01  -4.9828219490209680e-01  -1.4258526650225922e-01   6.6972228614355853e-02  -1.0682444628087118e-01  -3.1864669406599655e-01  -1.3752424710272670e-01   1.0239458731557007e-01  -7.2871494551423510e-01  -9.8758696372711630e-01  -2.6960888977741010e-01  -6.7392732730584881e-01   7.8292401666594758e-01  -1.4384857146518121e-01   4.1490540128102597e-02  -8.9184100058960647e-01  -4.6002827393338452e-01   3.9779398929810145e-01  -1.0151623972578408e-01  -4.0833673758177896e-01  -1.2981730364147565e-01   8.0924802417247543e-01
   7.3031829475542409e-01   1.9283536972279910e-01   3.0095186220056469e-01   7.2350598762302099e-02   2.0788964907560908e-01   2.1653826792842445e-01   3.4436144116327810e-02   1.4343172960792383e-01  -2.0858657533777900e-01  -6.2222372784193625e-02  -3.6657449263683106e-01   4.9897770375021439e-01   6.0703174329318550e-02  -1.6870202057273093e-01   2.9192794320422721e-01   2.5665558984719328e-01  -2.3037070151678415e-01   4.5390436591084760e-01  -1.2859597817681062e-01  -3.9052787305226511e-01   1.4942073279566312e-01  -2.0634745581340186e-01   2.2989127395829220e-01  -1.5697153455682501e-02  -3.7620924778434095e-01  -7.7281192418428402e-02  -3.5062663474125033e-01  -6.7972786155323373e-01   3.6509354355337620e-01  -3.2186604739864860e-01  -2.3785903939749836e-01  -2.5821353081195625e-01  -4.9048497782820395e-02   5.4677921480235342e-02  -6.5377750125815726e-01  -3.8361627366797613e-01  -6.1028752103463557e-01  -3.6647332290451257e-01   4.7707209761971771e-02  -1.3132577986171751e-02  -1.5292470234607139e-01   1.0221924451919087e-01  -5.7765997050563660e-03   3.4933354829088201e-02  -4.0359108844797986e-02  -2.0119045498826946e-01  -1.2176675743818498e-01   2.0442085235119559e-01  -3.1173845942309941e-01   2.9563985713435107e-02
   3.7367067832895190e-01  -3.1017110576227958e-01  -2.8096119322756824e-01   3.4258564181981965e-01   2.4248759143960052e-01   1.2090316523718170e-01  -4.5195053203050867e-01   6.8352825477519225e-02   2.3792332246805162e-01   1.6466700056036035e-01   1.9149832590961416e-01   3.6299674499059548e-01  -3.4780759612572454e-01  -8.3468282180758288e-03   7.8676982515113514e-01   6.3519887534850972e-01  -2.9229572516805291e-01   1.7268441952873181e-01  -9.7079446665383728e-01  -3.4001502336475316e-02  -4.7807294045317167e-01   1.7883166298214087e-01   3.4823245125953826e-02  -3.1710624332237386e-01   2.4280866541801405e-01  -3.1732437272717240e-01   5.7097953079296347e-02  -5.3563445064590398e-01  -2.1219441404699754e-01   4.8137555858947295e-01  -2.2338094493636748e-01   1.4398223200906832e-01  -3.4600049331413146e-01  -5.5626237938286922e-02   3.7349019771117486e-01  -7.2602732008288484e-01   1.9922399000517918e-01  -2.7651659283165286e-01   2.7308589779589315e-01  -3.2206098396042171e-01   3.3538620112992482e-02   2.4312037177031709e-01   3.4427649945917937e-01   2.8786880235972240e-01  -2.1230389734672847e-01  -2.3950846226765396e-01  -2.8358745885710451e-01   3.8589038746709814e-01  -4.7552697671460503e-01   5.7464512362574294e-01
  -1.5316019252969171e-01   1.7917235819114774e-01   3.8254455998245201e-01  -5.4445957221181107e-01  -9.5216287248552384e-02  -9.4813754215270540e-01  -1.0525283726109729e+00   1.0894576604583972e+00  -1.7535257364343471e-01   7.4353141840173897e-01   6.5948752776584374e-01  -9.1597734362265093e-02  -2.3641307522613859e-02  -8.5514645326757666e-01  -1.6417536152710846e-01  -7.2270676205663475e-01  -3.7816874334139099e-02  -8.9042620864407118e-02   1.1503105343311715e+00  -2.3472033699654175e-02  -1.4431190819530698e-01  -7.5818300844336672e-01   1.8119524922450281e-02   2.7339855977864896e-01  -2.9414772520852334e-01   8.2065958324073307e-01  -2.9840314790633586e-02   2.1665287087208451e-01  -5.1025638597420553e-01  -9.7835706840438508e-01  -2.8950304703758656e-01  -2.5430433457053209e-01   8.2271468173329809e-02   6.4730363852100778e-02   2.6351937722720592e-01  -3.1266669114431656e-01  -4.4821640046784755e-01   1.1340136109209124e-01  -2.9406956436961165e-03   9.3579696423051983e-01  -3.6269262990657347e-01  -1.7920312937031843e-01  -6.9239692715391166e-01   3.5532089844364501e-01  -7.5359014277193145e-02   1.2357448095506975e-01   2.1611915593472178e-01   7.1921007459511521e-02   6.9883849974212098e-01   7.7814133335363656e-01
  -1.4505053302313806e-01  -2.3235795491171982e-01   5.2563588339555034e-01   6.0220851887326180e-03   2.5496645202020085e-01  -6.7895123470111918e-01   8.6285694816641234e-01  -9.1897369286680697e-01  -1.7092460461104566e+00   1.2917651515175071e-01   1.6638764397331404e-01   1.3325572326699680e+00   3.9478673555447158e-01   6.2873939325062966e-01   4.0610408029262424e-01   8.5299977965092977e-02  -1.4882158490798716e-01  -4.5600225698428110e-01   7.1752401742299562e-02   2.9996809337754515e-01   1.2186975193850069e-01  -4.2453148268480084e-01   2.3694412808190371e-01   1.2807664603547864e-01   1.8184627836607758e-01   4.6543076291597563e-01   5.4809021331091623e-01   1.6841938089169861e-01  -9.6289988983744490e-01   4.5762089210916360e-02  -2.8232455395866274e-01   4.6776468719604170e-01   4.2085037812691012e-01   1.1065789941673805e-01   6.1938204163061106e-01   5.1993474612293256e-02   5.3200931156918740e-01   6.7408277405415373e-01  -2.3579851726196097e-01  -5.7863769553004063e-01  -3.2340049628416206e-01  -3.6829786263709546e-01  -8.4938063105752942e-02   1.0880319888847740e+00  -1.7964033341635788e-01  -6.1119896326754596e-02   5.2744615242098758e-01  -3.3686036617708526e-01   1.0893678657970514e+00  -3.0328523223998088e-01
   3.8959166231008946e-01   3.4390354648727295e-01  -8.7590474266194618e-01   2.9281443865355827e-01   1.3242231248255384e-01  -6.3461069800778869e-01   3.5618729053442594e-01   1.6145367017431597e-01  -7.1309861056689905e-01   5.1796659891755026e-02   2.5758327691526106e-01  -7.3051867132918585e-02  -5.8950531010857211e-02  -4.4622014929337284e-01  -3.7295291501435152e-01  -3.4795768995021320e-01  -8.1205289174312834e-01   5.5827514756679064e-01   4.3880233028146043e-01   1.7263959481700816e-01  -4.4110067321578939e-01   3.6862257581205815e-02  -2.9729181342044425e-01   4.4737705000103524e-02   3.3343960923773031e-01  -3.7210933853986833e-01  -4.2156517280321532e-01  -4.0161926756664268e-01   2.9876592554218762e-01   1.9737462341586837e-01   2.2005626530881434e-01   1.7994210557678425e-01   1.0269924457634387e-01  -3.5527631167066503e-02  -2.4384702137892028e-01   9.4928691835317019e-02   1.1140342001491166e+00   8.7527764544331921e-02   1.2409443019606130e+00  -1.5920128620956062e-01  -3.8388376676804803e-01   2.0366498328246213e-01   5.2067302749494360e-01   1.3777887276373693e-01   6.0015542642676367e-01   4.8742454553172782e-01   3.4923724293339641e-02   9.4469832641186358e-02   3.1965489088203025e-01  -1.0256989878903573e+00
  -1.1916047110425904e-01   3.5300857605018154e-01   8.8702502033667996e-01   5.9820439724927586e-02  -6.7791023225618285e-01   2.7947806299943695e-01   8.5800708136265369e-01   9.8755162712045275e-01   1.2317441514379268e+00  -2.5691162995886904e-03   4.2724664866849288e-01  -3.4720739679182566e-01  -3.4972757449548170e-01  -1.0773781830043043e+00  -4.9077681578537874e-01   1.0533127694690947e+00   1.7547568304520740e+00   7.9714712776143959e-01   6.6371042167740535e-01   1.6016065815518268e-01   1.0766360436378829e-01   1.7519619278350465e-01  -3.2304627757232518e-01  -3.0183336958670570e-01   1.0991409324951527e+00   1.9149022774168738e-02   7.8311692658166487e-01   7.7806720162500931e-01   4.3918651159339961e-01   2.0308244259520561e-01  -2.5248935163305658e-01   2.8606441460329185e-01  -5.5831043254651325e-01   5.3504560438639126e-01   1.4742315507053783e-01   8.8238894287129654e-01  -6.7895939703208252e-01   1.3256812377652327e-01  -2.0019045898395274e-01  -1.1418069709580307e-01   8.4336815379094751e-02   8.9427918893886640e-02   2.3356286187420257e-02   5.1538024957138462e-01  -6.5172625602468215e-01  -5.3270615325236637e-01  -2.6376142429167759e-01   3.2874997127402145e-01  -2.0846148989182486e-01   5.5812294207899904e-01
  -1.0906444627237384e+00   1.0525010493487480e-01   4.3505628594291558e-02  -7.9133942731306264e-03  -1.9965793674630805e-01  -2.6465311943521913e-01   3.9237343579311890e-01   2.2403987097664828e-02  -5.5584505604684931e-01   6.1126933691424246e-01  -2.2010734584598227e-01   3.3669122251188838e-01  -9.8543191106787026e-02   3.3238884070934704e-01   1.5687485222070288e-01  -2.2168285157221088e-01   1.9624641231867546e-01   1.9851145100360418e-01  -9.3536539477075589e-02  -1.0395889796850526e-01   3.2649684928777152e-03   2.3039272709427398e-02  -7.1802991988114684e-02   2.9188353818608678e-02  -1.0785178232874305e-01   4.5506124321944891e-01  -1.2117159184043670e-01   8.9468383581828048e-01  -2.9407466108775093e-01  -2.9763582431585894e-01   5.4581509529052205e-02   1.0624283538684996e-01  -8.7170304964086454e-02  -1.0764409546445561e-01  -3.7049314202525940e-01  -8.9092168907144131e-01   2.1186470653785075e-01   3.0640581483139662e-01   2.2122876272960101e-01   2.9075642939995128e-01  -2.4052598083172491e-01   3.0346647365208423e-02  -1.9772767301075256e-01   1.3873673586893939e-01   1.1168943889179801e+00  -2.6860464083315927e-01   1.6383348503779610e-01   4.6960031464425164e-02   5.9612097744649428e-02  -8.3323737199820946e-02
   1.6186368536092474e-01   8.7274673499180885e-03  -9.0780470511802380e-02  -3.6007052442697485e-01  -1.2210207981234590e-01  -3.5060612912559630e-02   1.6431700255777429e-01   4.9077812849369146e-01  -2.9309089806167943e-01  -3.4814428607757247e-01   3.0010274785910324e-01  -6.9019247044084547e-02   1.2740132064805787e-01  -5.7321359333024713e-01   1.9037708450445934e-01  -9.5134403046087668e-02   6.5005669861760695e-01   4.4163073308804927e-03   6.7257169326908317e-01  -9.3595785094156447e-02   1.7907979236873264e-01  -1.7892347097011135e-01  -7.2868401532283841e-02  -1.6830899068201019e-01   3.8331085564899045e-02   2.2332774209757086e-01   3.5172941822523229e-01   2.8677269282226397e-01   2.6163511683782875e-01  -2.4102485061844611e-01  -2.4177811362082804e-01   3.4747118968559731e-01   4.9674738407806723e-01   5.4000930780213263e-01  -3.5737561768923159e-01   5.0063597196703091e-01   6.8169699866122022e-02   1.9083592080545619e-01   5.7796056112084726e-01  -3.7052497040194998e-01   4.5692161310595147e-01  -1.6133305779023935e-01   4.5883932848344655e-01   3.6372065601573328e-01  -1.0794316197853128e-04   1.9937612376186631e-01   4.0264093492842373e-01   3.8860237918215096e-01   4.2517439162229242e-01   1.3422563418136393e-01
   3.1649861530261475e-01  -7.7719283019218988e-02   2.0295278299004446e-01   2.2557498703447035e-01   2.7355691868237608e-01   9.4325423814742029e-02   3.0098827687118401e-01   2.4694977775257682e-01  -1.2195973465265848e+00   3.7536670336096145e-01   1.2625661895531165e-01   3.2702090524543670e-01  -2.2468663272522393e-01  -1.7644489352770387e-01  -5.0052550140171714e-01   5.0798120200289265e-01  -2.3887203200250059e-01   3.3705201556568976e-01   2.5055745637922655e-01  -2.4521716177193645e-01   3.1421439857019845e-01   5.4689687781619067e-01   1.4067324495533773e-01  -2.0204161118415551e-01  -4.1483736358732003e-02  -3.6476014277315796e-02  -1.8631693969323429e-01  -3.0864267366808174e-01   9.4444224709964486e-01   5.0036272800345416e-01   4.1925966007464149e-01  -1.5007344080394261e-01  -7.0138031634199696e-02  -9.3843313011901422e-02   9.6881815128931981e-01  -2.2662977515574864e-01   3.4833249362147961e-02  -2.8338020041680956e-01  -2.2260793117190916e-01   7.4164756572610302e-01   4.4028162678174293e-01  -1.0851951165252693e-01   3.4157675432754658e-01   8.8417289885615410e-02  -7.4227769770122340e-02   1.9293939143613240e-01  -1.3221445696621531e-01  -3.6627791237059115e-01   3.8691636445671290e-01   1.2901439956533706e-01
   1.1240939738421578e+00   2.9919752836943370e-01  -6.0460536002234733e-01   1.0688568028441321e+00   3.6064645909387083e-01  -1.9239918500598560e-01  -2.9142132042609903e-01   5.0901434486414196e-02   4.8999466189411672e-01   3.0151005844085021e-01   2.2968649502658056e-01  -1.1607315639906937e+00  -5.7092283862044471e-02  -1.4410416975058704e+00   3.8940223424971537e-01  -4.6090222641609757e-01   1.1439075552036306e+00  -1.4188391464015740e-01   4.1100762225635251e-01   4.2589426762750138e-01   4.6387998430034150e-01   1.1372041708353424e-01   7.4487727336378518e-01  -5.4246047493218888e-02  -8.5035220795340005e-01  -1.6414557876937091e-01  -1.0603927063132497e+00   2.5333001921427831e-03  -4.0693418355180999e-01   1.2794416280529845e-02   3.2917349655664613e-01  -6.4846696978128704e-01  -3.0749401055329756e-01  -5.4015999812880555e-01   1.2675066458165889e+00  -7.0000069935040724e-02   1.2231575862692683e+00  -1.2688730045785976e-01   2.5240860802192994e-01  -7.7868138830694000e-01   5.3874348525788573e-01   4.6687833836772996e-01   5.3353944032630962e-01  -1.0644278048170706e+00   2.7912724319120735e-01  -2.7132173615344216e-02   2.5169040741487991e-01  -8.4751957063753569e-01   9.9986965244441103e-02   1.0607966752747642e+00
  -8.2130909373312133e-01  -3.9027266347021150e-01   2.6361756223759558e-01   1.7600434090506472e-02   7.5454075974512391e-01  -8.1613222717274736e-01  -6.6539387204487410e-01  -1.0566121071803265e+00   3.6674271325651681e-01   3.7750509886122496e-01   8.7353569001213952e-02   5.2203697112662084e-01   8.5555667867860577e-02   8.1877035244976104e-01   7.1373087272020973e-03  -1.1629660794338895e-01  -1.5327271534355364e+00  -2.2625164697071726e-01  -1.1758260713834315e-01  -1.1802415818307818e-01  -4.2738720853922590e-01   1.2444980083301356e-01   2.9168182063226827e-01   1.5419545946174854e-01  -1.0787806204860306e-02  -2.9167282564808183e-01  -4.1071055678926088e-01   8.3817432069860906e-02  -3.5524847353327954e-01   1.0297469604339304e-01   3.9419953599838485e-02  -4.2143475119048585e-01  -1.4254966319915313e-01  -5.9375386375514694e-01   2.8814116733779233e-01  -4.5295931527744010e-01   2.9919589747867714e-01  -1.2956893715921375e-01  -3.5161398730062704e-01   3.8371169488595219e-01  -8.5978844977619040e-01   1.0679648649249800e-01  -3.6089653069603539e-01  -3.4457147658544179e-01   2.7284770938090774e-01   7.0243238332990071e-04  -9.5361132568463014e-01  -4.2868386523137303e-01   3.4129943012164227e-01  -6.0083124966066837e-01
  -1.6127166373257276e+00  -4.9907913260704839e-01   4.9307526248209049e-01   9.8558674189336759e-01  -2.2300678720899350e-01  -1.4277634389612218e-01  -5.8824732972230453e-01  -6.1443363091622516e-01  -8.1531262279045405e-02  -3.1208285089149079e-01   9.5205551064183258e-01  -5.1575953093858810e-02  -1.3264815680074499e-01   4.3258543337999883e-01  -2.6515697729975701e-01   9.0354993490450258e-02  -1.4762882524944207e-01   1.3993142440873035e-01  -1.8959847773153041e-01  -4.5085311281084239e-01   1.4295075012540652e-02   1.1028621385276301e-01  -4.2823880604014758e-01  -4.7297368458616329e-01   1.7482883211565597e-01  -1.9718534780482558e-01  -1.3206469836257878e-01   2.9345107727054914e-01   2.6330297799466135e-01  -6.6131192505809885e-02  -2.7148250524450945e-01   2.5504053972575752e-01  -1.6064119550980305e-01  -3.6077704234849839e-01   2.0142671241170138e-01   3.9444700178982772e-01  -8.1053957136975843e-02  -3.9030316219788314e-01  -3.4930170951704997e-01  -1.9196334946332687e+00  -7.4246061456963974e-01   3.7303522951681989e-01   2.8636506438488019e-01  -4.2897424998496003e-01  -2.2324358305929906e-01   4.7491799424594594e-01  -4.6173260935926780e-01  -1.2859581362132980e-01  -4.7191348397590588e-01  -3.4423717345379001e-01
   3.6825164713902397e-01  -1.1889188670023887e-01   1.4464317478253594e+00  -2.7680849390884105e-01   1.7103642766750676e-01   8.4485397879333357e-01  -9.9798837798030904e-01  -8.7758954121723476e-01  -7.8064940739954691e-01  -8.8165185047824779e-01   1.5835717976597903e+00   1.0212251783921618e+00   6.6850388721293591e-02  -3.5477236406302799e-02   2.9954667336771185e-01  -1.4188497612575870e+00  -4.5195055711369686e-01  -3.1044599056442052e-01  -3.6205559085895611e-01  -1.1271476289223559e-01  -7.6852635313560158e-01  -1.4371913857880633e-01   3.2906772585940142e-01   1.5182133843135681e-01   4.7924671078800163e-01   5.6222226312808501e-02  -1.8426360686336737e-01   6.3453523788222543e-01  -8.3485787426952962e-01  -6.8583025759850835e-01   5.1655324684071094e-02  -1.0876394489678406e-01   7.8190156012545420e-02   1.8524876930743381e-01   7.7758309762020994e-01   5.1338812249413512e-01  -2.3424681808100614e-01   3.4725430376047517e-01   1.3532137260158922e-01   3.7606863568756727e-01   2.1047371541449111e-01  -5.9225850059723098e-02  -1.3882402314165337e-01   6.4383388531962427e-01  -3.0044698354608618e-02  -3.2929176877176769e-01   1.8409219584124648e-01   3.0719756223527955e-01   8.5306669503798793e-01   2.9675038318368430e-01
   3.7696163564321310e-02   3.3004743455572810e-01   1.0797070823582491e-01   6.1677528314445185e-01   1.2783351742063858e+00  -1.5290368981411038e-02  -9.7795852379886680e-02  -8.3162836972265272e-02   9.9972304898511299e-01   4.7898760514304028e-01  -1.7538536752559758e-01  -5.9346546270152978e-01   5.6435407246646707e-01  -3.7115900183613587e-01  -3.1596656142960297e-02   3.0038641243826320e-01  -1.2511355917543790e-01   1.1280790440577816e-01   6.8749932552207360e-01   3.6766610118635518e-01  -1.6358490185766209e-01   6.2625039332200028e-01  -1.0573183894408776e-01   1.6304651248635157e-01   4.7637278886369117e-01  -1.1129341555609538e+00  -4.0195859519355559e-01  -9.9603911826368519e-01   2.0747689313476875e-01  -7.9981319556240305e-01  -8.3710783062490357e-01  -1.7852783238477341e+00  -4.1284743671671609e-01  -1.4572023784813538e-03  -8.4338383436061060e-01  -8.8509836202335923e-01  -9.6619937548801638e-01   2.7256213400140666e-01   2.0556917888471185e-01  -9.2283272461119092e-01  -4.5016826479423561e-01  -6.8658687971340648e-01   1.3887892138885731e+00   1.0684386435656810e+00   1.1905893613456493e-01   2.6215237232531108e-01  -3.2514425928058460e-01  -3.5032187319452579e-01   7.1776429783484541e-01  -6.7750883367236303e-01
  -3.0455673490182567e-01   1.0457891645792151e-01  -1.7381752720301660e-01  -4.5022191718198337e-02  -2.0661576357601122e-01   2.7884783475138630e-01   3.5848597756642647e-01  -2.8048285183471733e-01  -1.9585723048967834e+00  -6.8425918005172573e-02  -3.9627474762416348e-01  -2.8658488556395889e-01   1.7518458203013107e-01  -8.1388912039669289e-02   5.3336636688398431e-01  -1.5268389171953448e-01  -1.3172737099023391e-01  -3.1361554199232272e-01  -4.7241780705250336e-01  -1.5248767327738122e-01   4.6303368044159958e-02  -1.7575146463755725e-01   1.8075983726055894e-01   1.1874087145421916e-01  -2.4676710877625871e-01   1.0760609954930322e-01  -1.8689233256897708e-01   2.7765804650061138e-02  -1.2501435431248292e-01  -6.0067920350264099e-02  -3.7755295252981297e-02  -1.5499926157136304e-01   6.1948243283677575e-02  -2.6796073929323494e-01  -2.6087593742030174e-01  -3.3782642522609602e-01  -4.3546179774532057e-01  -8.0484968117120959e-01   2.0693581779176540e-01  -4.4407797058749038e-01   2.8272341241372989e-01  -2.1613637246904918e-02  -3.1786984409322566e-01  -1.2382459225499343e+00  -8.6121749121448515e-02  -3.6035222949033413e-01  -1.6554812572676969e-01  -3.8225606072961510e-01  -1.3114606746862711e-01   3.9237055069632459e-01
  -5.4654951992676204e-01   9.7029173389192563e-02   4.2375898698660625e-01   5.1298888597690562e-01  -4.6090068616406649e-01  -1.3489745382332866e-01  -5.0085068482365291e-01   3.8257302719194319e-01  -1.0688969782701261e+00  -8.1319597071716224e-02   1.3671402529895130e-01   1.1979842855048950e-01  -4.0698980295730980e-01   1.1644396963363399e+00  -4.5310738916336257e-01   8.4203547815108504e-01  -5.0799611203488670e-01   5.3539195568626263e-01  -4.5135947328442677e-01   2.2295750994718971e-01   3.1051491947137838e-01   3.9716930648975454e-02  -1.3886447630614879e-01   2.4732834507092651e-02  -1.6578439839595399e-01   4.4057173491867918e-01   1.5790602768081016e-01   3.2575408906200358e-02   9.3960003052260391e-02   2.5386067116413746e-01   1.3969481303633963e-01  -1.9726059513771887e-01  -1.6127812425281821e-01  -2.5946301698496543e-01   6.0183891321197458e-01   2.7483335099624123e-01   2.7828790607561088e-01  -5.3128783716273753e-01  -7.7712520418389486e-01  -6.4425997895299925e-01  -3.0680648313023307e-01   1.0133981736156897e-01  -2.6732371252820925e-01  -6.8793535173853698e-02  -7.3968714126579375e-03   5.4474899625112816e-01   3.2780663426809459e-01   8.7777437750362994e-02  -1.4429560421703777e-01   1.6629558373359915e-01
  -2.4805673152386024e-01  -9.1322225011578065e-02   1.8827181775829938e-01  -1.0781328132325765e-02   7.8662121367136170e-02   2.8412925532853208e-02  -5.7569084250204031e-02   4.4634504400016989e-01   4.5505820409164988e-01  -4.3720426999191159e-01  -1.2919349902364069e-02  -1.6483608602398322e-01   1.4775878710598708e-01  -6.1421921870009943e-02   3.2512770647987949e-01   1.1673616014365990e-01   2.0657104560449921e-01  -6.3609912912259636e-01  -3.9518305291726796e-01  -1.3955985173597366e-01  -7.6724585257832642e-02   4.9953617592271383e-02  -5.9738809967426185e-02   3.3945129498015469e-01  -3.6773247769548004e-02  -1.6506636945454978e-01  -4.2619035703153424e-01   2.5896460470846389e-01   6.6968497666436186e-02  -4.2048133290080258e-01  -1.5083688075342594e-01   1.5321947952906106e-01  -4.5789390531706491e-02  -1.9674672410513161e-01   6.2397134740736848e-01   2.5372833545001722e-02  -2.7021142645179885e-01  -4.8584503349885948e-02  -5.7951832992272634e-01   2.0863956126802680e-01  -3.2859719058982317e-01  -6.0124542190834594e-02  -2.0291997486677341e-01  -1.2477582558474651e-01   1.7723879809886728e-01  -3.5081753593828363e-01  -7.1950754248781751e-02  -2.3722415459037281e-02   6.7640672575977542e-02   1.6008349456807114e-01
  -3.7643966365081022e-01   4.7838888305887900e-01   1.0796919049380212e-01   2.2509319152584595e-01  -2.3780534609192550e-01   4.0576316462040019e-01  -5.5768147788509928e-02  -4.7748876163658999e-01   1.8921474686676825e+00   4.0408621533971184e-01   3.7703410183761221e-01   4.6322914095346751e-01  -1.0692414374839215e-01   4.3165801598647566e-02  -8.1557941599279871e-01   8.2216128797505883e-01  -8.3591454530858189e-01   4.3355882660138395e-01   1.0174652001209739e+00   8.5782165186254283e-02  -5.0285157877215769e-02  -3.7465960777794421e-01  -1.6083739736372898e-01  -4.7463632935927236e-01  -4.8020341148352647e-01  -5.1604775186903262e-01   2.0949987650607835e-01   2.9812846347814526e-01  -9.5895471179916453e-02   9.2484785304085815e-01  -6.6277019738841024e-03   2.2660644242276214e-02  -5.0676753029783339e-01  -1.3955378589014891e-01   1.1119293258347585e+00   1.9118123894794428e-01  -7.9747973198000444e-01   3.9064892427387921e-01  -8.4476205301933194e-01  -1.3499882275339573e-01  -5.8297410774016005e-02   9.3314491123123966e-01   1.0321311632097622e-02   1.2218470396550623e+00  -6.6560749746578729e-01   7.5762239666979569e-01  -1.0377779125041374e-01   1.4932925622251758e-01   6.2453054329291297e-02  -7.0076345360385295e-01
  -4.5979479360904940e-01   4.2327964217622360e-01   4.6446224227817856e-01  -4.4373157487217901e-01  -2.9993852916424923e-01  -3.2692192993420605e-01  -3.9096941732673102e-01   8.1962127456957667e-01  -2.4950819868217575e-01  -1.9241111452874793e-01   2.4097434335690854e-01   3.5530406842183831e-01   1.9086822283842303e-01   8.7427154768114901e-01  -7.5544273034701703e-01  -3.7546996560783169e-01  -1.4257450156267204e+00  -9.5087288583242557e-01   3.1957979756990784e-01   2.0612859453419224e-01   7.5510665147206701e-01   1.8193733122398859e-01  -1.5435471506049830e-01   1.7912340649446118e-01  -5.7910649542604098e-01   3.9178463744389352e-01  -1.2964818412209074e-02   7.2010073957023080e-01   2.6973757523241704e-01  -3.6009850570818908e-01   1.1403666135319495e-02  -1.4684345411393063e-01   6.7878455595477574e-02  -2.0800362319644097e-01   2.9123292381883509e-01  -5.7278709405837047e-01   4.9186588852572363e-02  -7.1614812828207886e-01  -5.3628250878839379e-01  -1.3180679959015595e-01  -2.2556441323351750e-01  -4.0435006720329660e-03   3.9161081614420383e-02  -3.2095317978729732e-01   2.8744916315385943e-01  -4.8628580108606129e-01  -2.2457128995238812e-01  -3.3313637106083310e-01  -1.2177215479126353e-01  -6.8485945387184222e-01
  -5.4954625069486118e-02  -1.5842275633927000e-01   4.2225860741712040e-01  -1.3849970337109641e-01  -1.1316664686483605e-01   7.5299244443281191e-02  -1.4534838636279129e-01   3.3826315077165736e-01  -8.7929656934831857e-01  -1.5155231355056062e-01  -4.4987293714619264e-01   3.5383066236852728e-01   2.0557027224112051e-01   6.7547096409961094e-01  -9.7041880760211874e-01   1.8626274002577281e-01  -1.1900810319641488e+00  -8.2878998869234582e-02   2.2147471319455933e-01   5.6165837229464374e-02   2.9670973312234089e-01   3.9623857652147633e-02  -3.2367056056508714e-01   3.6391903095806605e-01   3.7173524676540970e-01   3.8270027210293843e-02   4.3835055802400033e-02   1.3154029782517099e-01   3.2764465245310720e-01  -3.4919888227866437e-02  -1.7055163564508846e-01  -6.7236751840101239e-01  -6.1553144701608520e-01  -9.5402904820133735e-03  -5.9714132732961778e-01  -3.7255640259852937e-02  -9.1131582938243672e-01   1.4582617289878028e-01  -5.9124555085573405e-01  -2.8814526084044792e-02   6.4772171952073507e-03  -4.7511562909160254e-01  -1.9231279276041603e-02   2.1618794488344362e-01  -3.1066976918475242e-01  -4.6235843039878245e-02   3.2787087901898521e-01  -1.9743847266840255e-04  -3.7375197645500580e-01  -9.2472500544233532e-02
  -6.0346577501065535e-01   5.2533533000318311e-01   1.9845436792015228e-01  -4.3018404766541513e-01   3.7222819178260196e-02  -5.5527066277699400e-01  -1.4506580794649429e-01  -6.7444766212423590e-01   2.7082736815246822e-01  -1.0609693739408974e-01   1.6136226930128966e-01  -2.0274873510091260e-01  -1.2481567964096951e-01   2.8206237896855807e-01   1.0528326095360891e+00   8.4979913727056378e-02   2.4495691786649323e-01  -8.0067439592339629e-01   3.6035117188858856e-01   4.3363383938997838e-03  -7.3164822148488040e-01  -4.2900825488457656e-01   2.9731485121156143e-01   8.8439781232527936e-02  -4.4350161277266992e-01  -3.9992531065671821e-01  -7.1676663776804025e-02  -1.1694837080413054e-01   3.4396459322060707e-01  -1.6476975951777231e-01  -1.0668433610151176e+00   4.6158952624692356e-01  -2.2196781089890477e-01   1.0835942692742391e-01   6.3704206856764770e-02  -5.2631925352882769e-01   8.1237721434860466e-02  -4.6345856310288758e-02  -2.3548446784460844e-01   9.3468896866411938e-02  -9.4163618388847048e-01  -2.1493090847025589e-01  -2.8380028793699049e-02  -3.8842830688234431e-01  -6.6265601441245736e-01  -1.3818345321660357e-02  -7.1072627107987910e-02   1.4465229779176980e-01  -5.8030010138618485e-02  -2.7290026476828427e-01
  -7.3194339913823003e-01   1.5080720778160844e-01   6.9477111912833678e-01  -3.3288853635298726e-01  -2.8455325834927092e-01   2.6759871782801581e-01  -1.7678178679236354e-02  -4.9623358534762246e-01  -3.9851665838463074e-01   2.7414145057274319e-01   3.2583550638520009e-01  -2.2072218780161434e-01   6.7081363165226379e-02   4.6810487963584568e-01  -7.5161316536887887e-02  -7.3799566815299489e-01  -1.2041188536143289e-01  -2.1694010408528028e-01  -8.6601783949191968e-01  -2.6082301454625761e-01  -3.9800806006562012e-01  -4.7279331126476409e-01  -3.6940037341571724e-02  -3.3720508357482928e-02   2.3159511063805696e-01   1.2826884517975198e-01  -2.1438290328898778e-02   5.7665590358464736e-01  -8.4248055686381418e-01  -7.5557486260523110e-01   2.5942418363671976e-01  -2.8654714912438911e-01  -4.0455927706784231e-02   1.1907771680867846e-01   4.2822955657371942e-01   3.0275857167979831e-01  -5.2791802384531283e-01   8.6445374968126587e-01  -3.5051680814170089e-01   8.3007122889172913e-01  -4.0776229528118041e-01   4.6251690002922424e-02  -5.3671252662500654e-02   5.2937525292800258e-01   1.2938724360288187e-01  -2.2451483873475525e-01  -8.9747040524955662e-02   4.1914271802413061e-01   5.9855313635612040e-01  -1.3229736362499150e-01
   4.9041716376121686e-01   8.3220124088270186e-01   1.1967964471282813e-01   3.5026612601944473e-01   3.2800152187243459e-01   1.0246580522717785e+00  -4.4818784362098171e-02   1.6698089032660632e+00   1.8095455634702551e-02   1.6283719393533685e-01   7.1161182284558222e-01  -1.1476203968245162e+00   9.4701594846864523e-02  -1.3831904089280711e-01   1.8281074430089164e-01   2.1796653005150782e-01   5.9024091629705455e-01  -7.1306519430559911e-01   4.5186061673881839e-01   2.4822616594092184e-01  -5.9839824788809670e-01   4.9813123693243383e-01  -4.5635228567101099e-01  -2.3153190362629547e-01   6.9352277749555757e-01  -3.1184907445304211e-01   6.6124937894761371e-02  -2.6571425937185317e-01   2.4729928431998832e-01  -2.9493115106165901e-01   5.4318531747690274e-02  -4.5883438908039076e-01   1.9886119568335750e-01   6.0050413840308392e-01   4.1411335770725394e-01  -2.1324197612313872e-01   4.2482134009129459e-02  -1.2595702090292313e-01   7.6404006392321949e-02  -1.5536064224484756e-02  -7.7313475047059910e-01   5.2674142175549665e-01   2.7818255828272653e-01   2.1880992386190107e-01  -2.4548303880313696e-01   3.2689479393145843e-01   8.4428881404555636e-02   4.4562512144862265e-01  -2.8757621563495583e-01   6.3301391242877023e-02
  -1.0367071983710162e-01   2.9138858266869988e-01  -8.8634992480191299e-02   5.3880664109010057e-01  -1.3012755506060997e-01   6.7065364750651180e-01   3.6470176308464403e-01  -6.6912319926388875e-01  -7.9676118156919595e-01   7.7813918766933154e-01  -3.3185218433101843e-01   2.3163652815132180e-01  -3.0276396333859684e-01  -1.5631642389830827e+00   5.3861996562501002e-01  -9.7501103972092718e-02   4.9650698593665238e-01  -1.9585468253470714e-01   3.8956937900426140e-02  -8.3342682258895268e-02  -1.3819918364269043e-01  -4.7043384633830343e-02   5.8359965742948972e-01  -2.0006654187526637e-01  -4.3622703841554372e-01   9.1614389654968972e-02  -5.8403596538566283e-01  -2.9461721385447603e-01  -2.5925933938989543e-01  -2.9987898385249268e-01   4.9365831314137264e-02  -1.0405056052647619e+00  -2.1205062313540798e-01  -8.9712404140450994e-02   4.6875093232926784e-01  -6.4563328544353593e-01  -2.2701629755896857e-01   6.9157722084882645e-01   2.0293633407488942e-01  -2.3041755254950583e-01  -1.9607081299853962e-01   6.1886706232126132e-01  -2.4597547278254997e-01  -2.6238464426049951e-01   1.9034499498716292e-01   4.2843037346366591e-01  -5.8070125789380249e-02  -4.9119231420776716e-01   9.3521194392972046e-02  -4.1026063184478734e-01
  -2.2447519639066806e-02  -2.9863201747543383e-01   8.4332652950054221e-01  -1.1304935681761703e+00   4.6607851004517081e-01   1.1110058136140556e-02  -1.5643897776255039e-01  -8.1809840414765866e-01   3.5950312534788287e-01  -2.8267376466887495e-01  -3.5343978174290169e-01  -4.0984396712072008e-01   4.2006591462540199e-01   2.7109483449258992e-01  -1.0587416463671022e-01  -1.9776901993762813e-01   2.8907139497370511e-02  -7.4780389351369714e-01   6.9509468223413451e-01  -1.0107678696310252e-01  -2.1132280588348692e-01  -9.4035948633943511e-01   6.0285142088773569e-01  -2.8798501586655828e-01   3.9411455472172718e-01   2.0582023388580317e-01   1.4183126306753976e-01   5.6957457809438261e-01   8.5941945792860575e-02  -7.5196490809818883e-02  -6.9567326949798247e-01   3.5056295868021385e-02   3.0374166004687736e-01   4.4189818157154004e-01  -3.0423353645789564e-01  -3.4462675021479555e-01   1.1822082949589703e-01  -3.1741226333434935e-01   1.1933622276768070e+00  -9.9737622971842088e-01   6.8872741567188622e-01   5.3189574675031848e-01   5.9944232604568382e-01  -1.1941292504692715e+00  -9.2252893161445845e-02   7.1925995185085176e-02  -2.3364065679461923e-01  -4.7303205285545485e-01   4.6948929547341117e-02   2.2375461354182977e-01
  -9.8893468207265578e-02  -6.9150392088885963e-04   3.9600491138334898e-01   4.1185435773171776e-02   4.6743735704732697e-01   3.2608653230201667e-01  -3.4760125797729607e-01  -1.3268293896205383e-01   1.1140368292553463e-01  -3.9241252430155121e-01  -8.1167522129916736e-01   6.8949583274351967e-01   2.5778106452272703e-01  -2.4088933725815281e-01  -1.6763149309415556e-01  -6.7402533502122153e-01  -3.5567392325863489e-01   2.5358947852274927e-01  -5.8966182039111491e-02   2.8253475854776910e-01  -2.0093378026545175e-01  -4.8731080177320230e-01   2.2848316146450171e-01   1.9468847291374586e-01   1.6970920144274576e-01   5.3675587848226058e-01  -2.3541573910117305e-01  -3.8598374089109400e-01  -4.0335790759003544e-02  -2.0284546042046683e-01   4.5251582219183756e-01   9.2036928964194145e-02   1.3281171140995046e-01   3.7750876493212832e-01  -8.9587545685261305e-01  -2.5300796907117351e-01   4.7636679659834126e-02   2.3352285655899363e-01   1.0855006702957226e+00  -3.9866801876372004e-01   5.3602755227977872e-01   4.1582748998019037e-01   1.7865294574470514e-01   4.1496926801573582e-02   2.5710125171873971e-01  -2.3343572269639640e-01   2.6215242823286222e-01   1.5433153014472981e-01  -4.1534827390405377e-01   2.9598717133037078e-01
   5.6529930006123726e-02   7.6477369438420692e-02  -3.2457292762460577e-01   9.2066454733260965e-03   4.5590342807567541e-01   2.9316800490220590e-01   6.6993374630790037e-01  -3.5654744742267402e-01   8.6341697498070857e-01  -7.4862915196268809e-01   1.8149137929858814e+00  -1.4888615183496259e-01   1.2668184367120133e-01  -6.8871062338469091e-01  -6.8030021805316032e-01  -4.1699655718962997e-01   2.9545759354389933e-01  -7.2730087033395258e-02   3.6714715814766038e-03  -7.6268385937728866e-01  -3.5115837085016650e-02   6.8875574363369274e-01   3.0385141263600590e-01  -3.6105035120270129e-01  -1.9271574451751969e-02  -6.0274770988907134e-01   2.9667187479725212e-02  -3.0824391746536584e-01  -7.2144244919862832e-01   6.3064337318296404e-01  -7.2450117307868420e-02  -7.2919516959804032e-01   2.1708382580660102e-01   4.1845807664114623e-02   8.4598000147069286e-01   9.8807370532394334e-01   1.1120146535776856e+00  -4.4135559884397824e-02  -1.9830806235678147e-01   6.1381593891028174e-01  -4.8937415534353390e-01  -7.5455645269129157e-01  -3.5659730599534706e-01  -2.1994697485394940e-01  -5.1422949208074542e-01   3.7137134696758556e-01   9.1641973181502256e-01   3.2619502705727837e-01   7.9975702942386517e-01  -6.5993824179950433e-01
  -2.4862791505866738e-01  -2.4514028642282093e-01   1.1318915193223532e-01   1.3250482443523087e-01  -9.6192110010241227e-01  -3.3179422417976812e-01   6.8483858884087723e-01   1.0714852694999957e+00  -1.1230878811247531e-02  -7.8170002665845284e-01   3.9705760206527757e-01   4.0691170202447713e-01   2.7579805306329497e-01   1.2753504446138568e+00   9.9445172151775688e-02  -3.6362495116772053e-01  -1.4174181535959726e-01   1.6188781166110972e-01   7.1000989918063018e-01  -1.1990201480557088e-01   5.3697954963373773e-01  -4.0196757189994728e-02  -2.7008635261801484e-01   1.6396783587463823e-01  -2.3297925214073570e-01  -1.0319132345785877e+00  -8.8749927274089035e-02  -1.2427380705820905e+00  -8.9765402977803710e-01  -8.8302697465878133e-01   3.8965083037832066e-01   5.0734095473562413e-01  -4.6788892008547478e-01  -7.0373428044601594e-01   1.6979936608019194e-01   1.0424809994178854e+00  -7.0080872391482996e-01   3.0262426515607305e-01   4.2783449680981184e-01   2.7328372172036064e-01  -4.3599539824100525e-01   5.4838251884633626e-01  -7.5590527417264713e-02   6.2360948948208295e-01  -3.9091314630966872e-01   3.9011223493354180e-01   1.5640017223007767e+00  -9.9591954489630027e-02  -9.0973708108214923e-01   6.4530616377765493e-01
  -3.1977720637918255e-01   8.8618583962037423e-02   5.4357742153803255e-02   1.4418755456853154e+00   5.8342909912208404e-02  -2.4318456621232420e-01  -6.2959715002459088e-02   1.1697943955520329e-01  -3.3866950384726557e-01   6.9234585507695276e-02   1.6324863169862752e-01  -1.5248772433875557e-01  -1.3655526313648308e-01  -7.4780469779371650e-04   4.9021521109430734e-02   9.6707539631079600e-02   3.4171668431030741e-02   5.2797925619092329e-02   1.1967577885015281e+00  -1.6952147664810294e-01   4.9514536518942713e-02   3.2399596299658123e-01   2.3319487399488258e-02   1.0674199187453168e+00  -2.1987345579469084e-01  -2.1614704168877560e-02   1.3564150769776620e-01   1.6653500221596917e-01  -1.0152395751944981e-01   1.9371911714300571e-01   1.8573902135852108e-01   1.8957591372817226e-01  -2.1288787190580565e-02   3.6059688891704737e-02  -2.6734360647478261e-02  -1.1259301876508322e-01  -3.2665351757705463e-01   2.9914909315399720e-02   4.5253899002154541e-02   3.9022616504691804e-01  -1.0442760571326092e-01  -1.4842860666491837e+00  -1.5333748125625526e-01  -5.7277898634223182e-02   1.5457275722792099e-01  -5.6978807480171956e-01  -7.9937008926604741e-02   1.4761954347096670e-01  -2.2914903791574184e-01  -5.1540399985483092e-02
  -8.6044013895628080e-01
  -1.9337849734199459e+00
   2.8575698010996708e+00
  -2.0898589622973587e+00
  -1.5072931475298597e+00
  -1.3000101673260189e+00
  -2.5522092379668768e+00
  -1.2637162615328110e+00
   1.2758372222277299e+00
   7.6157773888337743e-01
   2.2085460370467684e+00
  -1.7145707579132623e+00
  -1.3827601076003273e+00
   7.6051385408817274e-01
  -3.1279463967849241e-01
   2.1689283165766482e+00
   3.8164180637157985e-02
   2.8954510038584186e-01
  -5.5034199214054302e-01
   1.8983047436309509e-02
  -2.9496098664423409e-01
  -4.6330913253416273e-01
   1.2249903955961252e+00
  -3.8554622971412128e-01
  -9.5192321918407569e-02
  -5.9681395984638752e-01
   2.0700222542203123e-01
  -1.8073341364361617e-01
  -4.9736480376732078e-01
  -1.8298880849916146e-01
   2.3189743319310323e-02
  -3.7333562088236999e-01
   1.3114477022956003e-01
   6.0130624626296869e-01
  -3.7740055874055078e-01
   1.7434682008572858e-01
   9.5523154196740101e-01
   5.5414698883634239e-01
  -8.4839413425558485e-01
  -9.5212797432580898e-01
  -1.7617987672658757e+00
   6.9026473685953368e-02
   1.1393486162382660e+00
   5.7364188231273194e-01
  -1.0631336893132635e+00
  -1.3276459200503499e+00
  -5.6608184421800567e-01
  -4.0578695077657495e-01
  -7.1601785604775048e-01
  -6.8624176520343272e-01
   8.5599544137271100e-01
  -5.6813718271702962e-01
  -7.8410774649834725e-01
   8.1167090760122296e-01
  -1.4671253312788191e+00
  -1.6173576751847132e+00
  -1.0953298730625474e+00
   1.6250990391238962e+00
  -1.2960462788361662e+00
  -1.3929467659713033e+00
  -2.3078442608173604e+00  -2.3779063878776912e+00   2.6463583271336186e+00  -2.4300951558812893e+00   2.1730791604388764e+00  -2.7071437034585286e+00  -1.0513582031088458e+00   1.8956098518624296e+00   2.4002005410532341e+00  -2.0637613092385800e+00   2.2934119184300568e+00  -2.2731306495279746e+00   2.9597524041290701e+00  -2.6628632857173140e+00   9.8193544272509348e-01   3.5948923482043793e+00  -1.7699408897206035e+00   2.3513982179887840e+00  -2.2914629221682135e+00   1.2517524366044859e+00   1.1043413515034937e+00  -9.6297070490272985e-01   2.2816819130893249e+00  -2.7663521977410581e+00   2.3713210129513129e+00   1.1138533562314672e+00  -1.9901668562330028e+00  -2.0827564053105969e+00   2.6480372505593213e+00  -2.2197439964910193e+00   1.7515907822433712e+00  -1.7304101724629901e+00   1.8533067242293608e+00  -1.1446281315799871e+00  -1.2886930945252200e+00  -1.2184296237351011e+00   7.6495647723377203e-01   3.0776454830550444e+00   2.2225355765090269e+00   3.1190367611191991e+00  -8.5076899991663524e-01   1.4363024943031892e+00   1.5581022923719994e+00   6.1051787225501064e-01   1.4793573678872005e+00  -1.9735519942705395e+00   1.7957916657768320e+00   3.0793924896959117e+00   2.7845097513526147e+00   1.3505669624061505e+00  -7.1764118677314004e-01   1.8613151905052057e+00  -1.7106713077663755e+00  -1.0931379994136359e+00   9.7656047987213290e-01  -1.5793077864801208e+00   2.6962567806512316e+00   3.1070530037703450e+00   1.1287678687763745e+00   5.0593649114157273e+00
   1.3903483643453767e+00
   1.5310404000000000e+00   2.4289679000000000e+00
   1.7028667000000000e+00   2.5442220999999998e+00
   1.7995418999999999e+00   2.9489383000000000e+00
   1.9076312000000000e+00   4.9724814000000004e+00
   2.1374610999999999e+00   6.7279643000000000e+00
   2.0689196000000001e+00   4.4205746000000001e+00
   1.7938403000000001e+00   4.5771261000000001e+00
   1.7851672999999999e+00   6.6738622999999997e+00
   1.2565716000000000e+00   8.1624952000000004e+00
   2.0681197999999998e+00   4.8832367999999997e+00
   1.8631876000000001e+00   6.6664966000000003e+00
   1.2514076999999999e+00   8.1009024000000007e+00
   1.6531427999999999e+00   6.6587987000000002e+00
   1.1093557999999999e+00   8.1985863999999999e+00
   9.0964710000000004e-01   9.5344797999999997e+00
  -4.0953701090000003e+01  -4.0780358260000000e+01
  tansig   tansig
  15-50-60-1

Sep_04_f12a_60_add1, nn60_o
20762 points for CH5 INT, rmse= 10.4964 meV, rmse(<1.36)= 4.6293 meV
